80 629
931 447
516 977
182 53
-470 -427
-181 -715
-891 598
-753 939
-878 -342
-324 421
708 -813
-160 23
893 -356
921 604
501 -756
-513 358
-662 -376
301 -202
181 -683
-114 -569
-364 -501
624 -987
-902 -203
-104 11
191 756
-382 -694
357 611
-558 150
856 -170
-196 -743
-335 700
252 811
-8 -269
803 -439
979 -806
-672 226
-17 337
934 -287
-359 157
-321 -59
-822 361
-739 -196
-691 -74
88 -51
-354 -862
-918 869
673 -265
179 890
-116 -70
-263 843
898 -252
-289 232
-851 285
-751 -994
-936 852
250 -181
982 -149
-430 207
897 -913
-889 -381
227 470
214 -668
-854 -239
-858 503
-452 -623
98 625
-568 565
865 -530
-796 -655
-300 -129
632 971
619 161
-649 863
788 -952
-155 691
193 -885
-727 116
20 312
112 -673
-678 -744
731 108
994 477
919 788
57 328
-233 -989
611 680
416 -136
-857 621
417 170
-601 794
748 -635
-213 -888
341 2
313 -473
887 -428
-93 -369
93 -433
-626 917
276 -701
-470 554
-198 -202
-942 -611
690 -705
-958 -479
-888 958
144 -615
-965 682
217 -513
-196 -13
441 548
-542 325
693 818
-473 318
-519 -643
818 294
457 215
-911 -99
-26 195
595 -140
432 114
-624 785
-158 -71
-10 725
127 84
193 906
454 931
933 -890
-508 -798
219 877
103 871
582 291
-725 -971
-463 -514
-509 109
-249 -535
613 -508
542 -315
866 -225
-112 -5
-976 -869
-648 157
966 -471
-746 -262
-28 566
879 -624
-931 569
36 747
898 -810
-532 316
-244 943
-47 -283
981 -966
788 -96
771 206
-674 -385
818 -185
-635 831
-371 121
263 406
121 -463
-299 -949
-818 -522
879 -572
787 927
456 -742
469 270
-410 -934
-861 -838
200 485
-775 -598
420 -346
-201 749
-708 -717
-770 -361
988 -403
-153 -554
-205 802
591 739
700 546
258 -445
72 430
-813 141
-807 924
341 -730
-403 -521
505 -808
-507 436
-971 -351
-446 -577
429 360
-197 -28
33 394
-244 41
115 498
-801 584
-781 -40
592 -437
809 -624
543 -512
829 -29
-921 668
-826 491
-362 -964
-706 -505
-103 -682
-721 -482
-842 414
845 881
757 -92
-754 -663
-805 -261
506 928
564 -283
427 -741
-628 -887
-303 -540
-469 -809
741 759
171 -526
-8 962
-169 -884
-265 -177
-575 -880
893 718
208 312
405 -773
629 -498
-230 -608
-24 624
-290 -381
-28 -131
163 -49
299 -197
201 32
-505 -37
-123 -312
287 -603
490 927
18 141
22 679
-781 -441
-724 -979
-896 326
-215 859
-303 800
645 -501
-6 989
-392 582
-163 -66
391 267
271 -837
-966 -309
-715 -107
-741 384
-261 -678
700 830
160 -650
101 -62
834 -442
-54 -233
-191 -488
821 567
-141 287
677 -418
292 -637
450 -629
343 -875
-341 448
-3 768
-962 744
-768 -310
803 88
621 953
598 414
-691 -189
-512 -218
-834 814
-639 -420
-702 -313
-164 -629
692 -834
926 -508
-382 -163
876 714
107 -215
56 -342
-41 -462
-161 809
-659 -443
-173 469
-459 416
960 493
-53 613
509 61
-84 712
-638 913
-383 -829
400 -950
709 -711
960 943
-892 982
748 -229
210 69
-396 -236
-988 -196
-97 268
-545 -206
703 640
28 -319
-946 -850
181 583
314 547
-593 326
747 -846
115 -534
893 209
59 171
543 -146
469 -136
-298 750
-937 -364
446 198
479 77
879 563
-699 294
808 371
-511 -569
-134 -410
-382 635
515 335
-366 839
-682 789
227 410
-908 439
-299 431
201 764
824 -113
869 -281
825 -764
-427 -935
27 -600
-19 -895
899 -579
-955 -754
959 358
-947 -682
-749 -655
238 319
82 792
-817 106
-74 925
-144 975
573 -861
-137 -253
448 -645
-507 199
-496 -228
803 -965
943 -772
-818 399
825 -277
397 233
861 -481
475 530
92 713
-603 -213
-164 -618
769 -370
137 -846
25 -673
-23 279
867 241
-54 -556
-450 -939
571 649
-405 -931
20 -98
741 -962
-670 946
-17 516
595 -63
681 799
346 399
-690 923
-400 146
621 782
967 -356
-478 -245
-276 -859
1 -925
-599 583
910 -773
20 259
603 376
759 -559
159 -137
540 372
784 57
133 508
-867 -788
518 757
-854 213
-800 637
104 -504
-646 -829
720 906
-291 -277
-484 -498
365 46
-605 -356
672 30
-49 208
220 -826
845 670
865 0
448 963
175 337
-174 -346
229 -673
-456 -706
856 66
704 -931
893 616
122 426
819 835
688 332
-16 -291
-45 -766
534 748
900 896
657 -496
332 -76
-592 280
697 807
573 293
-939 991
-629 455
-444 800
-453 -381
26 -669
731 -10
-698 -849
203 -925
-849 275
14 408
-102 357
874 655
-235 981
-293 -560
-141 907
-966 68
549 496
-427 804
-911 488
-324 928
209 140
-377 875
730 662
167 -749
551 -699
-456 719
-78 609
319 -126
287 744
-346 940
-763 -777
241 63
74 -460
108 -82
42 440
-669 258
-813 -710
-307 566
31 182
-810 -782
-273 -963
-680 -506
225 -314
901 124
334 18
980 831
595 -899
-603 587
-359 -527
931 -806
819 -60
-843 -691
516 -287
720 76
10 -412
221 -732
491 943
-142 575
874 298
96 594
246 -649
553 751
799 179
-293 -581
-746 -871
-146 682
513 49
-763 246
-825 949
52 191
622 -957
703 -436
862 -865
-293 -177
-143 -16
404 7
362 219
-359 399
-528 605
71 292
293 -95
-351 -733
-409 -607
-263 -351
-990 -326
-402 -60
959 -952
737 -113
190 -992
-907 -709
-901 349
564 336
-672 -815
-792 739
823 -451
-67 -775
-566 -499
224 186
-295 -294
-157 721
231 835
-464 -849
226 -778
711 480
317 615
-778 -347
636 -461
-956 -928
187 751
-565 783
-710 777
624 415
-951 272
-161 -879
924 -464
-89 394
-260 373
336 -251
10 833
469 83
272 392
321 723
54 632
586 492
-258 471
-139 391
-995 404
-956 -615
742 -97
691 -2
548 517
155 322
99 -748
-992 -616
-468 989
-754 -451
-308 231
635 215
335 559
904 -392
654 525
217 -642
819 643
191 524
-44 -129
111 -61
884 175
-63 -294
-911 -92
-906 622
427 -946
310 -78
-349 -393
758 -233
11 813
-381 38
-849 -553
-579 986
352 -264
371 108
-519 801
855 -778
144 817
557 -439
859 120
-299 -7
987 729
-93 -11
-694 -594
-729 -667
189 229
-178 461
534 999
-987 -50
296 9
324 540
-89 -132
879 -550
284 -576
52 -144
-701 5
-78 255
-783 -479
903 -757
389 446
67 -457
969 139
334 -321
-875 -430
-541 878
-144 -614
-376 432
884 -797
-261 -222
-611 462
-278 -490
782 -977
895 386
880 -341
-554 -984
-825 60
-563 -752
-108 -989
599 -431
-464 -932
92 -66
-20 797
273 -339
98 -263
-113 -988
407 273
-269 908
304 698
417 -488
957 970
-970 78
-282 -981
-775 211
833 -782
-548 886
-675 921
-331 -654
-865 -472
52 -441
54 787
592 931
429 -787
434 809
-548 -774
-675 435
-149 977
857 -44
-987 -895
667 54
708 -821
754 -126
495 989
-31 -465
-531 -258
-700 -31
-492 5
-304 -46
-381 -44
-276 239
728 978
-170 -663
63 727
-141 -132
615 544
-409 332
-798 930
-275 -486
-326 523
148 999
923 836
-202 -448
-640 706
709 151
446 844
212 770
-313 -809
-960 -563
444 877
-518 -726
546 -19
-862 169
191 -821
-448 978
-143 -904
-702 -545
76 -100
-211 -585
-978 992
82 949
-495 -600
-976 -905
140 125
-273 -830
790 -935
464 995
696 907
-642 672
430 -917
0 -979
234 -72
815 -437
484 -564
991 -693
386 -703
411 768
944 765
-927 562
125 424
-73 334
-559 350
-71 859
-770 736
929 423
163 453
641 288
39 -690
47 -465
920 231
-146 -289
640 794
293 300
128 301
254 182
-20 -885
-323 -316
-557 225
827 885
969 334
94 -127
-526 445
438 606
381 -288
-25 0
635 546
814 -88
-741 -594
-14 -996
-284 894
-375 487
142 -132
804 263
-51 -812
-457 981
-309 794
313 466
-384 -728
548 -916
449 -432
-182 320
-414 -832
-907 89
-263 -749
-968 -746
577 -541
343 506
-953 365
447 77
-859 461
948 -992
201 -280
-42 542
-863 -311
287 -98
277 -61
267 820
-320 309
772 -505
-516 171
-806 749
650 -543
-53 995
155 515
-236 601
846 207
660 58
-281 44
-103 -263
871 324
-854 902
366 -739
944 592
282 725
-862 309
-822 -5
-516 -475
755 -565
-262 85
734 -799
-954 -417
-147 -513
268 806
-504 121
535 39
-151 78
-966 -357
-497 -223
941 -567
851 -155
-303 872
629 -185
-670 882
-831 -667
920 -811
4 333
746 979
-251 -928
-448 25
834 -459
387 524
296 -215
323 -929
30 -156
-764 657
-977 -696
-58 356
-958 355
768 -984
-840 -349
-279 966
97 -807
-382 -711
635 342
-941 -426
-104 -30
464 396
-678 -5
8 774
-338 -918
-262 -66
531 82
373 -596
741 -878
-982 -597
-838 -566
928 253
488 458
996 213
-766 101
746 386
-243 772
548 -69
-61 -568
-674 565
-541 -713
-44 50
674 567
385 212
-142 -535
901 464
973 173
273 -947
-625 147
194 -181
-402 -638
-88 -496
71 -559
450 -963
165 -782
-55 112
-352 -401
997 867
816 -836
479 225
-435 892
-364 -7
357 -176
658 -213
280 -518
-78 735
-268 -192
-445 -699
-504 -869
447 406
775 -929
204 426
651 725
-207 -189
898 772
-206 -617
970 -945
666 -549
-459 392
-667 -342
-631 913
-233 -667
215 -829
-692 -604
-603 -617
-579 411
410 -846
172 103
-746 719
652 -696
508 -540
-961 -423
-628 -59
-18 314
-335 -377
-721 815
228 877
-666 753
523 639
-134 514
-414 409
642 -466
164 -704
268 493
582 270
-502 -796
-272 -882
378 -452
-871 84
-543 522
-418 627
835 -147
-402 -798
-783 327
-187 -119
-369 -718
-413 917
305 180
-695 -357
-703 -867
31 745
-784 77
-747 904
487 211
-236 -562
-360 752
-209 -48
822 -407
443 -540
-243 -85
-247 -12
848 377
-180 -257
-754 -671
-372 -263
879 -467
-763 -157
848 -538
396 -395
-375 258
-608 -1000
264 318
-215 880
380 -505
-849 -490
207 513
-887 500
912 555
-879 186
125 -854
609 -275
922 49
364 239
-96 626
955 -982
-363 -753
914 21
-45 -519
639 249
-872 682
-866 286
858 126
-292 350
916 -565
902 -421
-110 -31
-580 236
-731 508
424 562
755 -505
613 -87
-850 -341
-706 555
399 -490
197 718
511 454
908 526
642 -204
-861 69
672 765
463 134
897 -389
211 -439
149 -61
861 752
493 760
559 -760
-775 701
-39 428
31 439
-144 -732
757 -256
-835 346
987 -152
-748 -323
264 86
591 -146
15 -147
487 328
-851 986
335 -3
290 57
988 -325
-374 470
-891 -819
311 113
-653 206
-739 -644
-619 872
89 -786
-365 186
-513 634
668 -567
494 665
62 -867
-526 -109
-399 348
567 381
817 68
-236 -483
-633 562
-117 217
418 -304
108 -611
-233 -118
369 747
226 545
-999 588
-648 377
660 805
-85 -115
-232 -939
537 82
-562 570
241 -119
508 -876
306 686
-576 -639
162 798
-507 -552
-295 -715
5 913
392 -731
-52 -735
72 435
-876 -221
-493 235
-525 -462
-407 867
-99 723
-752 -547
-746 271
780 -889
856 799
-761 -676
-898 -912
-483 605
475 53
518 -966
458 892
561 234
-477 777
9 427
-10 414
6 195
887 -772
867 -907
-970 -669
-360 511
-519 725
804 -737
-375 105
-456 -410
630 -852
306 309
520 -910
725 164
-333 -327
689 994
757 -898
309 -138
592 -455
-802 -125
-897 84
985 443
-698 -903
-371 667
-118 -103
-18 -813
-854 -152
880 -167
-743 582
681 355
329 57
-432 -654
230 -650
-408 -49
-100 -114
-301 205
213 -715
-331 -514
-381 -386
870 402
550 -175
-573 -6
443 -273
-525 -102
562 557
-399 908
682 -373
170 -558
-357 953
964 739
-145 895
856 -377
-226 -966
-770 638
228 695
-860 778
321 552
763 13
622 -509
767 124
-265 -630
-352 -317
73 -795
193 579
953 971
-723 694
46 -960
449 -109
988 -248
425 -675
478 330
411 326
-865 720
-582 944
293 -694
-984 -76
363 -510
-436 332
-134 -774
396 -486
883 -767
822 -68
683 485
497 -425
883 -637
-757 672
-957 970
94 106
-861 -339
-924 -215
6 -218
147 -667
787 24
-424 -678
801 -210
-20 -884
782 -545
117 -120
-164 -750
572 -810
-679 -82
822 -149
393 890
-511 170
-686 -540
-483 -102
212 541
756 -637
-605 -287
-409 130
882 196
-153 -259
-594 -56
301 -544
468 -725
-330 661
912 -994
495 161
83 656
649 -453
640 -376
-792 105
-285 -782
-946 -573
-722 -368
847 424
-622 738
-944 447
934 49
977 -314
279 885
805 -874
-788 -570
26 312
-907 751
-519 144
112 766
971 648
71 -88
-427 744
409 -822
-222 -160
-301 -725
-260 120
731 285
855 -449
889 -382
618 575
883 619
-550 -574
-765 -853
-491 -290
359 58
632 -341
-236 -27
270 -106
600 3
-539 622
-197 -285
750 -757
-607 -831
-655 -786
-305 -873
-501 -877
359 -176
-603 196
-287 -792
818 -936
-136 175
-907 968
335 -836
444 225
-18 -178
-19 501
-51 -722
235 636
75 80
-443 -471
955 776
-709 359
-100 -710
-514 114
-412 -471
-589 -207
-728 129
340 161
394 337
3 110
-800 -545
604 -614
-851 479
950 -320
-834 815
-459 -14
499 490
-369 446
-441 156
-200 255
-386 -348
-947 576
763 885
-902 123
427 -921
-920 -464
-975 460
-761 641
-673 28
-333 -742
590 -815
-602 830
-230 -401
-710 -116
300 -613
73 384
-475 412
115 438
-140 511
-981 -470
885 164
-193 251
-569 -250
49 878
999 -152
151 542
750 11
-292 -736
436 -4
960 789
-737 842
307 905
-724 -667
425 169
-743 -478
-549 -366
-932 -85
-854 115
-492 -829
352 228
-166 -985
-11 736
-893 -672
155 -658
-955 342
710 366
-285 -498
-773 654
551 435
-44 -628
-693 -701
974 246
356 896
-929 -867
-100 -297
23 -408
619 -419
-766 -875
448 229
550 426
-463 -481
-784 250
-499 411
-74 723
586 -454
-488 -317
65 453
-825 955
114 -649
258 -308
-508 21
778 366
109 494
65 -32
-613 510
-541 41
749 -964
496 269
993 659
-186 -933
-678 622
-633 83
-723 973
124 -347
648 724
-634 245
-912 882
-276 -22
454 -241
-906 -891
-42 62
37 703
235 194
781 -613
-94 -371
592 667
-791 -77
-793 -673
-540 -386
-976 -872
-692 -69
543 -454
628 -31
-622 128
-23 210
-954 377
741 313
191 432
737 435
-424 -7
197 -805
-185 -345
-819 366
-692 347
-7 957
102 247
-239 544
-782 -831
-829 -841
-991 611
891 252
-460 -305
-675 -476
-521 -161
-206 -475
407 314
-179 -974
721 755
809 -255
-743 -932
49 -531
-92 -424
-533 7
706 -851
-878 -937
443 -280
-578 785
789 747
162 723
319 -991
-126 443
685 -285
351 -155
465 -365
-335 305
-446 -923
192 -653
668 397
-850 596
868 35
-76 470
-555 -125
-72 -779
-196 -111
-696 441
-52 250
598 -728
-33 -10
735 840
266 810
-167 994
764 -118
937 546
355 -773
-705 651
-885 773
702 824
-333 552
956 860
-947 -922
-878 -389
-126 -418
656 -302
-432 -567
801 689
-254 -259
-266 489
-342 -737
-383 943
-963 565
-656 832
-421 -182
-684 -400
-535 778
350 -293
-499 877
-571 684
-762 -495
-298 491
-955 -161
-264 -927
-149 256
-790 -744
-271 -87
332 -370
-290 897
983 -280
985 195
10 370
-709 -482
-638 -284
-961 -998
116 -863
617 150
282 425
-559 45
-407 414
699 -890
-421 -684
116 410
-35 562
-822 -959
-585 197
568 613
179 115
-755 456
-308 412
-216 834
-748 29
98 -286
-942 543
216 -539
-697 556
-940 -955
715 1
311 601
-119 -177
-939 -118
20 588
-948 773
788 519
-94 188
-352 -120
875 760
-7 709
-572 -839
865 193
-689 269
663 494
-69 -673
32 692
-609 -697
740 186
-93 800
418 -239
-214 -234
-912 273
384 702
-877 -934
365 -992
599 220
675 431
-517 -750
-535 -871
589 -119
228 329
-210 143
671 314
401 807
-681 758
-443 -551
-122 685
-548 -507
-822 673
503 520
272 734
-271 151
-798 807
789 344
-437 139
636 -783
915 183
71 -616
-980 501
-923 457
-697 -942
97 -874
-621 -35
-196 -872
-685 -950
-62 324
843 119
972 297
-25 -378
1 438
-360 -679
-855 649
668 -196
80 609
-888 -756
740 837
-731 262
-309 -835
-363 586
-541 142
-288 637
887 -364
79 -690
171 -105
772 -544
-427 -880
804 -602
-408 389
323 -690
174 -352
-598 452
-223 238
-553 -153
390 -861
289 952
-378 618
-603 -162
26 10
-686 -681
579 -107
367 745
100 -678
932 695
972 218
43 -33
84 -281
-844 32
-559 120
527 -440
6 -902
362 555
937 -175
-41 641
256 -724
-776 230
-952 326
-726 -763
466 968
-373 -18
-662 251
-262 244
-938 -884
378 -652
951 745
898 207
-49 712
-812 -312
47 550
-792 409
-517 -452
-940 656
621 382
986 -921
-749 -242
30 -799
422 -627
898 576
-136 -767
-608 372
-439 290
-588 -802
-619 -273
852 994
397 510
364 267
625 -96
-262 -312
183 34
835 -876
187 -48
-368 484
4 948
-775 -247
-770 652
-340 -235
584 938
553 -822
-996 -875
-35 -114
615 -548
-135 -709
-859 379
143 -733
138 598
409 736
175 -782
-43 825
71 -637
673 -207
572 -448
-449 -886
-677 -637
-619 -345
713 60
36 -609
-624 725
-14 700
-325 32
230 -253
-22 -547
880 -241
-63 -280
658 -954
-221 911
-193 317
567 304
767 -601
596 657
-532 520
527 -38
828 105
-611 -260
-965 692
-825 -603
-540 14
-822 -789
-229 580
295 214
-357 526
798 683
407 705
529 642
-641 -143
760 681
-575 115
193 433
57 336
674 -762
119 -619
-67 173
620 -393
-498 934
-416 117
724 496
338 -826
-902 -85
-323 -719
-640 985
-12 827
987 302
-278 234
-731 887
560 56
962 743
-868 -556
401 -229
-430 -605
412 -321
322 244
-116 746
509 800
-165 -411
-827 400
-617 -935
545 57
-864 -763
329 738
-849 -721
276 582
-718 242
-804 53
-536 997
-101 261
102 93
-940 37
-509 -72
-496 690
438 938
-669 211
-374 -586
-102 -881
428 850
420 47
881 -836
-550 525
422 -309
-148 267
5 -610
-374 -479
128 337
827 574
286 -801
702 -145
319 -591
955 318
366 -685
-828 -494
466 -984
893 420
912 916
-987 66
-719 -665
-464 -868
-532 298
339 -773
720 178
284 129
-81 145
-197 -628
90 331
-992 117
165 806
-318 373
-233 -405
-807 -538
-303 554
186 -153
-712 -22
205 -998
769 205
267 440
-920 -479
489 -60
-468 611
-500 348
218 -417
-984 -613
-891 -862
-887 316
767 320
717 185
823 -558
76 546
-241 999
-636 -902
-856 491
726 -614
620 -763
-953 121
136 186
-252 435
132 -33
117 -555
-399 347
940 -149
910 347
859 481
390 -401
-209 710
489 562
-436 639
165 -88
-922 -760
593 -48
522 388
-553 216
-521 -731
-644 -257
845 -633
-51 -715
-736 519
-601 -1
-456 -46
-478 583
792 -136
-581 -191
-264 687
-179 344
-558 483
539 -394
-122 587
-67 -174
-550 343
-443 68
-670 69
-147 -892
-521 -957
-210 753
151 63
175 461
-246 -597
-120 405
-228 380
-126 -641
-933 -47
-402 -788
655 128
142 717
992 -84
-188 929
697 -301
805 60
840 -124
489 -700
926 686
-862 229
-103 291
-970 -732
139 939
-6 -399
823 -107
-67 901
-296 -168
-993 539
-210 120
-756 -709
-762 52
-775 289
-812 -20
-566 909
320 -32
749 675
-806 -860
455 402
-933 544
-952 162
890 -925
-387 70
-873 919
835 354
263 63
179 902
-579 -274
-98 199
-286 353
102 -193
-960 -788
-202 459
-496 963
-33 -93
190 734
-720 646
-282 -752
306 387
-402 33
-595 548
-320 278
202 -859
978 -430
-761 371
819 359
-304 863
-780 213
-384 -543
-352 -509
-429 345
474 395
-105 529
450 -594
-161 79
-285 377
275 -585
-420 -112
24 828
121 -281
-953 535
237 -240
-163 992
878 446
-1 -919
-595 168
23 -309
353 -391
927 -217
127 -380
-775 -209
376 404
-520 -147
-241 66
-337 1
357 -848
484 -584
-669 -206
-447 807
83 -324
791 343
-420 -826
751 -21
392 285
-530 109
355 339
-269 662
-686 -922
-959 -932
-674 78
788 -283
-788 -480
-46 -838
810 640
175 807
536 147
-820 -49
-432 898
-818 189
867 762
-409 -699
178 785
-765 792
-298 115
272 -186
780 -838
-150 894
656 -580
803 -543
-315 -882
-276 293
-801 -25
-285 -442
285 15
25 -218
566 950
493 932
47 -831
266 59
-26 207
-213 753
-354 -663
663 -720
503 -152
-900 -478
-583 545
-452 -827
525 11
-322 -18
376 -95
-749 809
-651 163
-569 -241
-466 231
-657 -576
679 -723
-123 -944
183 400
-692 -658
-365 456
-798 31
825 -596
-382 -342
502 948
131 940
468 -435
-447 203
500 774
614 88
-332 968
932 718
60 -926
-991 -457
-53 -143
608 301
-871 767
-360 93
-871 995
-141 392
-946 502
-875 -12
-218 -218
519 -400
-570 -141
-993 228
-988 -570
702 326
315 34
-939 -535
-49 338
-971 480
45 -878
-494 625
-946 -566
947 -588
-328 -235
-232 -566
-511 -416
-792 971
305 -626
-361 600
-926 311
-128 527
-825 -815
181 892
-554 -649
-480 508
-541 709
-732 -403
763 278
85 706
346 469
-831 819
-519 303
-551 144
-57 -630
-560 870
755 -161
31 -677
-300 -622
515 35
-987 -542
-284 -92
575 844
-142 -313
917 -742
-802 -507
-42 -471
690 193
947 728
-690 -795
-466 924
-208 -540
-470 -320
-241 30
-619 -550
-315 290
-913 105
310 877
-91 875
65 625
-497 586
-382 50
450 854
-191 729
-110 814
571 651
680 584
-998 772
972 992
420 205
287 -531
765 -19
-24 -385
442 -421
-519 869
-861 -287
-675 -869
612 -228
96 560
913 -816
811 -331
739 88
-150 866
306 -612
-756 419
-943 75
55 -737
369 888
21 -215
-45 -319
911 -625
-754 553
-156 288
633 -680
-859 731
-763 -664
145 -142
698 320
456 -547
989 -722
47 -133
-133 77
143 -780
-524 -650
-407 -647
-26 115
762 813
997 671
-793 -403
532 889
-394 -230
-717 -825
-712 -152
790 566
502 927
909 448
535 -98
-635 -329
-468 -113
-230 -195
297 661
-601 -90
960 163
364 405
635 294
667 -748
-203 594
-705 815
-395 443
297 847
-600 474
-920 244
-661 319
20 76
274 -267
-216 432
488 -111
665 878
211 692
-265 -143
-653 608
-736 -468
-409 -825
-597 166
907 -529
-889 190
354 130
241 224
492 -734
-436 992
837 762
80 755
-134 239
129 -850
-184 405
-357 646
-509 750
-137 -26
528 221
189 382
271 329
822 136
-328 669
-740 375
177 860
-160 -872
473 178
712 -869
980 -107
-45 -134
-588 106
-422 311
-976 -924
245 -555
211 152
-153 -451
-972 -852
-856 289
-114 701
813 -740
427 864
981 -232
-494 720
546 -886
-551 310
498 -472
-791 71
-646 -598
125 279
-386 62
230 379
479 965
927 284
961 460
151 376
-520 229
-464 -782
47 499
643 345
740 -155
46 -345
675 -151
780 688
-674 386
623 170
-970 884
-452 -341
856 12
-254 542
823 -307
457 -288
-991 -587
243 167
-287 574
-270 113
-383 16
-42 810
-470 115
-976 296
-726 899
-231 849
336 -548
488 268
-730 213
916 -507
156 -247
870 -839
109 -432
-551 49
-816 -164
-591 940
-306 -977
614 37
842 442
-133 -540
-206 -15
447 -368
337 -198
304 434
734 -124
-122 -651
-748 -973
-573 -711
-593 170
-875 934
560 -718
470 -850
-483 -282
0 -357
824 -703
-160 88
-358 799
438 492
988 81
-202 -943
-686 284
-834 -718
309 -47
820 434
-469 -762
860 -86
-924 -573
915 -870
-812 -22
347 465
376 173
339 -184
-649 419
-255 -280
-794 -171
959 332
-936 -125
688 129
-527 -444
189 -855
-587 -470
81 -1
-367 772
365 901
213 -947
-280 714
317 -542
823 -537
331 112
-763 696
-381 -325
-593 -856
83 444
-449 -587
188 -590
-974 834
-639 -951
616 219
715 -280
-280 -157
582 -204
-770 -886
-932 -78
-606 -357
-580 10
517 -63
471 -121
-278 -7
-473 -437
751 642
-693 -241
-777 721
355 -665
-602 17
-347 -924
-680 -184
170 -684
-578 277
-823 -940
550 86
-611 5
630 246
117 460
-44 -830
-600 212
917 924
-798 462
416 -871
-832 -984
94 966
4 220
961 -744
-283 -257
-642 608
887 922
-24 -468
658 -475
-694 91
-511 -289
-623 -231
-950 26
452 -440
-875 -348
657 832
-758 80
421 317
492 -845
999 550
492 954
993 446
443 -136
-324 227
383 -2
680 -860
577 883
-267 -896
-15 -701
736 953
87 612
365 -440
567 579
958 218
-640 -227
125 -793
929 -358
348 739
952 611
-330 -563
-775 -396
-927 966
-905 -403
355 156
-958 -238
-274 -908
-659 723
682 581
490 533
477 -175
-59 -193
473 -753
442 -719
706 -637
-125 943
634 -176
-638 -453
204 -684
472 -912
305 481
-496 123
-686 -245
154 -76
506 -627
-121 -325
-873 726
-18 237
-258 -782
314 453
472 451
-224 223
-324 238
-272 -680
-726 498
855 529
353 546
478 866
-914 -300
-940 -756
-653 -110
691 151
831 -146
81 90
303 659
-827 -424
-591 -410
291 -745
128 -389
134 301
721 -668
601 -237
249 -332
99 267
-503 -654
44 142
391 345
-176 958
-454 172
-961 -6
-319 -921
31 128
-575 273
-881 812
-710 685
-568 831
-444 -81
-862 299
-661 -756
496 730
-572 -390
457 -321
-149 582
-76 980
-565 -907
575 -414
9 -510
716 -320
-851 454
-119 -750
893 470
346 -974
-456 -730
789 604
-452 171
-438 932
469 -705
909 146
-877 -211
-126 -835
-618 315
-349 150
-87 -712
-480 -933
-712 827
292 204
351 -149
-736 -934
608 109
-153 827
-416 -72
-938 -181
992 -891
893 -884
163 737
-947 606
0 -140
-896 -535
918 396
-816 -969
-698 499
261 911
-814 624
-113 -68
849 -759
-452 524
795 -874
-122 -300
583 -352
-308 -399
495 -456
-580 -839
268 708
602 816
-316 -428
95 -202
-68 -909
896 -690
-100 729
666 906
-562 973
-873 -766
-799 -40
448 -925
-64 -236
767 500
379 -396
752 819
-257 -963
-700 -482
519 -494
-63 -82
-738 -931
-215 -818
-337 457
-156 -231
235 -131
-643 289
-474 -573
439 -964
31 -506
26 -711
-150 810
-866 417
28 725
610 -872
-142 91
-966 850
-65 -921
947 -750
96 613
-989 -18
637 910
-542 -530
-946 906
-33 -364
183 313
865 645
978 829
-213 -907
-888 -561
-54 929
187 -814
-690 102
-557 -11
-701 543
931 -351
491 331
-969 -782
-439 669
893 403
-644 765
-852 -990
-201 828
-955 -925
889 293
-555 752
-594 -178
-187 -451
593 -578
-674 -663
-564 792
-948 289
878 742
-162 607
535 -319
-938 -272
675 -644
-189 644
977 -111
953 -210
462 -925
58 -726
-557 -286
-397 -146
312 941
-203 857
691 610
-929 409
-751 81
-27 393
304 -865
-881 823
390 -314
559 307
466 -711
-272 -989
125 340
-296 387
524 962
651 -246
-427 969
-372 -664
396 -703
-721 -228
457 130
-384 -142
-345 -342
586 185
-773 -3
725 -733
-577 631
127 53
26 941
54 -66
-578 -798
-641 453
414 789
646 315
826 -520
-750 -865
-439 -581
388 -896
65 183
700 -723
-747 694
-936 840
-852 -673
234 -422
-758 1
501 -544
557 341
-76 18
966 -299
-633 -748
-590 331
347 -330
-763 -638
-748 358
306 -327
-983 -266
-184 -314
-179 71
-740 -489
37 180
-305 659
427 684
445 -113
958 791
129 589
68 457
504 559
829 533
785 -807
293 41
-931 917
37 423
8 463
-154 195
468 -16
-12 -552
-97 137
843 38
481 789
-271 -810
-412 97
400 78
-625 -504
93 863
945 134
-134 107
727 814
580 -75
794 -185
234 -383
456 721
555 362
-467 517
554 -670
-803 907
785 548
33 -795
-849 981
-20 -263
-608 -663
425 492
-489 -446
291 -455
106 -108
-208 -912
-54 -684
-933 44
222 -658
-803 -739
987 357
-921 52
546 -827
142 -531
-858 628
-221 454
-424 -665
-2 686
-591 738
-266 233
-901 663
-864 736
92 -528
146 -235
-112 -249
-701 -732
723 274
497 309
984 492
-594 -211
616 -930
-601 -668
730 13
674 -430
539 909
-252 -269
619 356
93 298
884 409
81 -399
903 106
819 -162
581 -67
-961 -79
-842 -162
-747 361
-230 888
-67 343
-6 -785
27 -629
-726 -727
753 10
621 -867
299 481
-283 -781
-181 -461
901 -133
-495 -226
-907 -182
-873 -948
306 -449
839 -714
-465 660
489 146
-948 304
-356 877
-863 -855
-432 -733
-777 -89
350 571
419 -349
-283 544
-720 398
2 -262
552 942
-741 -420
-626 371
-168 -362
331 376
-866 922
868 949
505 -405
52 98
-890 -14
11 -715
-662 635
-45 380
-845 -84
-822 -489
-263 -315
497 988
-337 50
464 558
348 974
483 263
817 -766
437 -654
199 -197
-168 -202
566 10
79 317
4 468
888 -621
-792 762
984 -823
-70 -685
-812 -344
-887 -731
-582 355
-8 -350
363 -922
662 511
-155 -181
632 -80
-624 -165
245 -961
805 241
-241 524
22 -758
329 -594
110 -471
585 904
518 -985
-213 -249
-495 903
751 743
-267 -1000
-688 -220
279 211
658 -466
817 -60
791 966
-414 -794
270 -666
-510 -441
969 -611
-656 -789
842 88
555 -836
-823 508
473 -114
644 207
-121 -15
-476 262
590 -176
600 -823
-146 -506
-112 -253
-726 -48
807 -730
495 -691
-674 -485
-398 -925
145 87
-234 -21
-423 -647
230 -4
61 -785
581 245
-955 -951
-609 -268
397 -379
92 -924
-781 57
-159 499
717 96
210 49
26 -917
72 452
-189 233
-661 -311
141 -175
-100 597
478 -788
-126 -151
-71 272
-177 484
-344 278
-323 114
-971 541
-949 -334
389 504
30 550
881 -126
870 -861
722 -62
478 824
-295 -599
-849 -500
-359 200
-286 -160
-830 783
-144 163
-454 -992
184 4
473 786
891 -862
865 -206
168 112
-8 611
751 -988
-460 854
-204 -402
-414 213
659 886
-861 -839
-630 846
-204 -917
-617 199
-920 327
-562 495
276 893
775 -473
887 -111
883 -333
803 179
-327 523
-852 585
273 -529
-740 -600
-213 -89
-991 -63
13 615
340 871
840 354
535 783
358 -106
698 -879
-446 981
585 203
771 -668
-26 837
-410 716
-146 943
424 -675
-917 -266
349 418
38 -747
-849 -144
-186 920
151 521
-166 844
913 -627
766 -813
-161 272
605 20
-195 694
500 798
700 714
-577 348
-19 -50
2 -236
-309 973
-314 666
-203 76
-578 738
-89 -881
-860 -621
-379 617
-843 934
-748 -997
-474 190
484 365
482 -511
141 -806
673 772
-572 -283
-154 -10
459 -118
645 771
291 656
-577 312
-882 986
-293 -298
-299 156
-125 -161
563 -165
-584 -594
-964 -435
419 -877
-786 624
154 236
-190 -489
-933 207
975 -514
-985 -189
396 46
-674 127
95 236
451 90
54 700
875 818
65 772
40 -88
618 -677
-308 728
579 -272
733 790
-773 -570
596 68
-532 957
-527 -400
404 668
638 906
-403 -678
446 -717
-869 93
658 -303
-942 281
-568 256
-622 -54
-191 -237
912 237
-35 999
418 -888
-842 -616
102 -214
885 668
623 -771
4 558
-994 -8
-271 -138
-359 785
-884 -653
634 -928
-866 890
-185 -242
598 680
-807 348
625 723
-965 -304
-844 127
-207 -693
553 -803
706 -314
-620 -434
228 -246
369 725
-221 126
796 522
637 -709
-339 -358
653 684
574 124
-846 577
170 991
539 355
611 287
353 786
-272 -586
-527 -967
-238 399
676 -237
-31 -75
-579 455
-505 314
383 -801
-887 -203
8 167
142 482
-754 -384
-195 413
245 356
-681 713
954 -332
-354 587
-370 -611
-47 308
82 921
21 -581
-100 833
-143 -328
148 -144
614 -307
-339 51
617 -384
291 237
351 803
237 -441
-588 420
-673 276
711 -33
-528 -749
-283 146
274 -18
817 -887
499 815
-771 -776
-993 -127
-888 -361
144 -908
-860 343
883 251
-654 -317
-808 -16
-563 -318
934 312
-865 440
-424 -704
196 -372
-984 822
-327 -923
71 213
-992 413
502 296
548 -9
468 -865
819 461
724 -241
508 946
9 -188
246 775
-303 738
971 473
844 -887
240 -89
-248 183
-638 -735
-277 -153
590 348
763 -105
-676 434
-35 919
297 -538
168 621
176 -651
-347 -842
53 632
342 -281
-290 -986
-464 113
958 -90
-698 -141
94 595
-909 42
-838 -632
948 131
22 -54
-177 496
203 -219
-300 -7
466 -386
911 -70
236 72
-521 -69
220 -253
-10 -259
-655 286
629 -737
179 477
516 464
-487 102
-813 -65
-459 -139
143 687
541 863
220 -394
711 -29
-804 -539
-32 956
537 -543
-103 644
-571 800
14 579
395 -753
-828 757
-143 896
863 57
957 -79
-163 661
-367 -617
-206 231
-748 -294
897 -57
783 921
-540 616
-96 -881
-791 525
878 77
-695 600
986 -761
-651 925
-673 747
879 -186
854 -517
610 -592
-344 412
975 -158
-976 -329
806 -371
-964 461
749 -849
912 -617
-896 -494
551 -501
-395 -671
744 938
618 219
-559 -377
-98 -176
-862 610
361 -872
552 322
-152 499
820 -590
-855 539
-744 -174
-81 709
-19 -162
-542 327
-300 -485
55 -989
903 382
-728 290
395 167
-945 332
629 234
-492 611
438 -162
336 -321
-556 734
622 -92
678 -994
-83 -16
-101 343
36 -656
680 -973
291 514
732 -139
-287 981
674 895
-968 845
-109 951
-119 275
981 403
-948 -119
659 801
-519 923
-550 -941
940 -15
-274 -1000
249 753
87 -106
92 241
-613 -141
-437 -838
969 -813
-758 24
-753 -324
267 558
-583 821
-880 -202
503 -819
-194 86
-55 616
336 334
74 611
613 702
-842 -23
663 -859
-280 958
73 -636
-779 152
-244 -64
-209 558
574 391
-569 41
767 -454
-302 -889
-191 -120
454 -34
204 -357
-638 -275
172 -293
184 414
-888 433
-9 -712
991 183
-103 -815
-752 154
-667 -639
870 -527
-78 850
510 -936
522 259
775 -939
982 -341
-779 891
44 -646
-494 -227
-47 -565
322 -918
348 310
-911 486
-423 -669
331 -262
-169 569
-377 -766
399 -156
753 -716
657 20
-13 -224
252 802
975 659
970 382
651 -890
-554 -893
-86 -477
-197 -100
-749 679
426 465
656 355
567 905
-938 -67
-335 419
-965 467
684 96
-631 303
925 919
-643 758
-383 892
-820 -789
-502 -789
-588 305
215 350
-886 125
-33 334
805 -711
-838 279
-43 -11
556 -556
993 -343
-161 -167
-947 741
-324 -593
-588 201
805 -759
264 -480
-110 870
979 167
646 976
728 -20
509 241
-277 530
-475 789
362 -80
437 26
-329 -455
942 -557
-637 902
-275 541
-776 383
922 -951
-989 106
401 728
476 -150
954 101
963 776
519 587
-935 447
682 455
360 -95
-848 -407
-512 -137
-867 916
-273 -602
453 901
572 253
-60 -64
-511 -197
364 -539
-510 -67
-695 482
-962 -475
-814 2
-223 -442
670 771
-653 -964
271 -43
-735 -759
0 -833
-698 -487
887 827
-203 -361
103 177
-794 968
-890 -926
-181 -59
-267 923
-611 871
689 -23
648 -421
-812 -85
-785 421
265 -829
606 416
459 55
522 -669
392 -300
487 -736
-57 50
150 -666
915 418
-264 -890
-269 275
-924 354
712 261
-767 561
962 -315
-751 560
143 406
-70 -910
209 -655
481 56
-773 659
501 220
-792 -555
230 823
968 -631
128 -861
-441 576
760 426
-388 232
-799 157
683 -989
-501 -719
-857 -301
810 -925
760 -991
-642 -116
-396 332
-252 240
-659 -657
-952 897
-1000 -885
773 -928
501 676
-373 -957
416 328
172 -110
786 617
-941 540
180 -692
177 374
-30 -950
901 -397
376 468
424 960
764 275
-286 -922
887 397
-228 866
497 196
947 -863
-56 -904
341 -315
925 29
812 133
987 -425
372 -784
-780 -254
-853 -142
-246 -482
-588 -721
295 167
-777 604
266 914
777 -435
255 788
643 73
-647 -995
529 217
-674 -879
-806 384
79 -185
-105 421
-605 -21
-462 -101
-929 126
-147 289
-860 813
59 197
-123 -257
191 -204
-445 -633
-817 -611
502 474
-988 707
90 506
321 577
997 -879
-722 -873
-271 826
640 483
570 920
758 779
-283 -374
-702 375
-710 102
643 892
-432 546
619 530
-12 -525
-799 -57
22 332
182 -228
-864 552
252 -771
995 642
7 366
-113 -847
612 193
-353 -110
-591 -123
-1 -755
-632 552
-868 442
235 988
-186 -164
333 -88
804 -549
-213 -523
388 -768
-778 -503
381 -247
-867 -111
211 -948
-389 -554
-474 -296
-854 626
888 -601
-77 -276
-375 976
756 304
321 522
652 570
-583 650
854 -224
-810 781
847 -49
819 177
-987 862
537 -627
479 -913
670 962
131 708
-920 -631
-248 270
-84 -325
921 240
344 431
-159 962
729 -226
329 -463
617 3
-772 756
-696 239
-508 954
550 -503
35 -209
-405 -46
239 -18
915 -107
-566 63
506 893
509 -575
95 898
-47 -877
-856 683
-550 -867
-110 -329
-799 -660
610 119
652 -198
893 -701
636 539
705 957
674 -877
-978 -574
142 -282
-379 -276
918 -440
-133 276
-304 243
-631 805
-835 902
-76 156
-767 522
-604 732
-973 -752
-877 -657
-579 -154
-173 502
432 -567
572 609
776 -667
-910 506
519 919
-545 -933
161 -541
946 400
-604 -943
-301 -953
321 -894
65 276
219 -559
459 -335
267 789
-393 979
-482 883
-254 471
-100 -560
997 11
53 -572
464 890
505 697
837 -161
660 387
-380 -165
117 -886
-385 -847
-950 -238
-711 174
362 492
336 214
-690 229
915 617
-883 460
-831 533
-254 -271
-79 -955
-820 617
-216 -697
818 -418
986 828
369 -157
224 680
-365 69
-190 585
190 -115
753 36
-906 -45
-909 -998
-401 348
748 938
580 68
-522 705
-643 694
477 364
-399 663
-134 -34
168 691
601 -51
170 -384
-455 -618
970 -545
527 -127
681 -847
391 191
888 981
-119 -369
-130 -609
-76 -383
-335 -619
-263 -590
-795 -157
-329 -154
398 206
606 -957
596 981
-702 -39
-30 84
462 272
-565 -989
-830 -565
362 43
-629 888
755 984
-18 329
764 -439
513 -692
-750 724
-811 70
-7 -569
-557 -49
-925 378
562 391
-484 -944
275 -185
-848 -707
121 -79
986 -127
232 393
250 -863
-39 461
769 327
583 -512
-900 0
-327 868
-149 307
668 -171
413 386
668 467
682 -600
448 56
-900 243
-609 216
795 875
-110 149
484 -592
856 -222
629 514
-560 -672
903 73
-26 148
-952 -811
-531 -391
-939 -464
-267 34
225 32
121 -360
100 201
-39 865
-654 718
767 -462
-906 744
-753 -917
459 -497
-480 672
584 -411
-559 297
822 482
-534 479
-65 -502
176 134
-156 -405
596 202
58 979
-903 -574
387 798
-367 -494
469 716
835 620
-391 -335
554 822
-574 182
861 -169
487 206
134 426
-881 643
-670 949
-856 158
-428 -684
-636 373
-986 782
81 606
-435 -151
355 -894
-953 762
-560 -403
980 -876
792 82
574 898
79 -548
-9 768
617 30
-914 450
-239 -452
-51 536
437 83
-991 234
977 -749
-729 -371
630 -947
-640 680
903 -169
-479 512
-672 -900
-887 -130
-252 592
47 -445
-543 -335
872 194
-590 842
178 -581
-495 993
-240 696
-937 -64
787 -272
721 913
-143 -582
-944 498
772 171
222 951
178 736
-600 -737
-396 -553
-676 -241
373 -520
528 -341
361 881
524 339
391 -146
326 -166
-763 -856
-808 865
446 -348
144 658
-685 924
-220 729
-213 -421
-657 -436
680 -830
413 252
168 408
-705 -316
-348 -882
-789 237
-199 -577
-61 84
144 -585
-720 -605
-740 -613
571 284
416 790
775 53
10 84
815 -20
-752 -218
-536 -756
-715 -810
-398 -136
-696 -555
160 916
666 832
-943 -925
-358 897
-837 58
766 -958
-284 -684
-272 92
-548 -33
275 845
570 403
160 -408
-559 -685
801 7
-354 -516
778 123
785 490
-193 900
598 90
-491 12
95 234
-823 -3
63 -35
167 -781
-458 -726
-743 -180
772 -252
60 -580
316 757
-832 -67
279 99
300 -252
-607 -556
59 -65
164 -482
-649 -854
-49 55
992 545
818 443
-567 -433
-183 860
352 -716
354 -140
216 22
797 118
-59 63
-592 -78
403 -92
-620 -825
386 181
-993 -558
434 832
-418 373
-344 576
127 -61
122 -621
73 -552
-35 874
-88 358
56 -359
-599 234
-636 414
-562 844
946 126
-194 -395
-615 -853
604 -629
539 -590
-925 -984
-652 160
-501 -983
14 -59
762 162
195 545
-278 -465
144 -758
466 -427
-831 -624
-764 -90
415 184
-397 147
-380 708
799 -115
-233 947
-977 -492
-760 261
-471 -736
-231 551
-480 -290
582 445
-949 434
563 -835
926 139
49 584
-152 -940
-115 -924
-1000 918
517 852
-196 123
-56 -631
551 541
-871 -543
-642 -931
446 -258
64 -336
603 226
240 276
-777 -58
-336 -384
360 346
492 633
320 -409
336 -352
339 368
-362 -807
-653 358
112 -329
234 474
-450 -765
-381 -738
205 588
518 917
-276 -472
382 873
-372 424
665 -213
788 -743
891 -956
-610 -441
-593 -406
370 364
779 -49
-276 -698
783 452
348 -217
-934 -630
-821 -666
-567 -935
-283 -29
-547 777
-169 -617
-728 590
789 -983
388 353
456 221
-753 584
-317 -8
854 424
-463 543
653 801
61 236
-471 904
-370 -350
906 258
-948 536
857 -917
99 625
-967 535
-525 -979
125 192
-431 88
614 30
-993 -880
631 -892
-414 868
903 103
5 391
-478 522
-166 -636
109 -732
232 -932
612 -781
774 -54
-638 154
-942 120
-997 86
-162 -453
265 -626
-681 760
274 153
-828 -326
258 -951
-312 -612
-790 149
-941 -640
997 164
-485 -846
-957 805
98 -297
100 -228
453 383
-766 -233
-127 921
-437 -322
-478 -42
-806 969
-567 -27
-815 -981
-983 -258
-491 60
-594 -758
-122 -363
842 303
-598 -796
-979 -982
-443 16
913 -43
694 -666
-512 424
881 -559
-686 -821
324 809
-346 -838
329 354
-532 -671
-921 869
61 -506
-907 523
-120 -825
-339 246
410 904
392 474
361 687
-405 280
621 347
-402 236
508 142
229 -804
-400 763
-163 369
39 314
308 98
-74 -727
389 -981
955 637
-369 45
254 -730
130 303
-350 768
949 258
-114 485
726 -942
-445 -96
991 24
-774 989
225 604
380 989
832 248
428 933
411 792
-492 229
-506 -931
-373 -218
470 -207
336 381
888 -587
-490 524
-50 263
-420 -840
887 -737
-1000 533
-582 519
-561 -979
991 859
339 415
-118 550
746 -140
-347 -692
775 509
56 -570
391 25
-520 -120
490 -589
585 447
443 439
-815 582
430 -955
395 -521
-362 782
229 -178
-624 -804
550 633
-545 446
-241 140
-524 -768
-83 482
-694 -647
-952 718
-324 510
-212 558
420 -540
-159 337
736 498
-871 -225
-878 101
-219 -825
37 -258
884 342
712 -346
953 -445
-584 -879
360 -904
-162 112
750 362
-111 -591
-38 -567
-198 -559
-549 -941
-989 881
-409 -653
-662 22
-859 952
-712 -646
471 416
-344 721
-616 67
-106 390
-626 -197
326 -637
-164 641
-386 191
-105 -621
-351 -846
675 -623
57 68
-583 -920
320 -716
-617 470
827 -955
-476 -101
-332 -926
-226 -960
-110 417
-702 882
-937 326
-473 423
-42 -98
504 945
687 764
396 -272
312 145
868 721
825 -60
-192 -92
-444 -847
142 28
-848 -451
496 656
-287 88
-407 -402
-59 91
148 -593
365 897
-752 454
998 -478
652 849
-797 -565
443 -958
777 265
980 -104
166 115
-135 278
367 136
226 277
-539 606
934 485
35 617
885 382
-633 540
-844 598
-358 -518
-75 -277
-114 981
979 143
-973 808
-937 116
742 96
-550 -99
-314 -172
-360 580
964 630
349 -150
-10 690
-129 -727
-40 -957
-73 149
-703 -459
877 641
829 613
863 -595
716 -252
-723 733
-570 938
932 -379
377 -984
678 561
-767 22
35 145
-830 363
-186 466
261 762
-707 967
813 569
-746 70
-987 878
-269 63
-168 -158
-886 599
-820 983
-788 3
-725 -138
624 768
-256 -576
619 687
-741 119
669 173
784 -491
-245 -223
930 618
533 303
328 -381
820 249
-390 341
322 -651
730 -614
-779 202
577 -78
457 -588
885 106
937 -361
-556 -902
218 16
-993 632
-187 646
134 395
-146 784
-404 890
613 -160
951 258
-407 509
-570 822
964 -722
223 577
-329 594
-716 -121
722 477
-303 521
-800 -547
197 -312
445 587
-805 -703
-427 796
836 -314
-853 -9
914 -931
130 -575
419 881
604 836
104 118
60 222
-159 -373
506 294
120 -296
242 -375
-362 823
-615 -254
-731 527
350 665
452 74
89 -94
-768 889
-189 806
709 -50
-799 927
-895 -234
94 636
753 618
323 948
-101 -22
-58 -552
663 810
413 -815
-374 57
429 905
-32 -148
643 53
661 906
-722 144
-735 384
311 691
-274 -491
975 223
535 775
931 -899
-18 260
142 -531
426 325
-628 780
-724 -251
-10 -831
28 479
-418 -219
-763 469
633 146
-951 -883
-764 -92
-574 182
-140 797
743 440
-658 -891
903 -887
127 -722
-748 -68
746 117
591 309
284 804
-643 359
-307 -603
723 -642
54 241
-109 120
-631 -473
-334 -51
-639 -40
341 512
-537 558
184 814
846 317
-742 20
-692 -718
-231 -659
309 136
-427 344
-347 521
724 728
314 -207
-335 -619
668 -897
18 783
554 885
949 419
-110 -162
-619 967
749 -689
655 -913
85 406
-613 -46
-445 -401
-438 822
-631 -394
-421 -537
-775 -442
-871 791
400 736
453 -640
-189 -921
-629 597
676 8
115 710
481 392
-73 -958
233 -427
-996 -377
540 -162
271 85
510 911
813 144
791 -668
943 -988
-582 -306
-128 179
-992 212
-516 90
896 -607
-266 482
-338 -517
742 34
-67 900
302 -495
-718 121
136 745
631 -296
-2 663
-632 -866
-123 431
829 -2
-490 749
-204 334
-710 -410
-213 252
322 829
-73 -851
385 -303
-940 854
-426 -237
-662 420
345 -90
-696 -27
593 271
-305 -247
624 -436
-34 691
-580 289
-155 698
-677 -739
-24 -179
-662 203
418 531
-486 -651
-45 399
648 290
-808 642
247 816
-506 -341
795 -483
-302 121
677 -561
-432 258
-410 852
-746 140
226 227
43 8
195 -559
818 -34
-793 240
-627 788
-985 -558
368 232
-332 571
-124 397
48 964
-124 994
-730 716
263 -403
488 -743
-118 -57
-445 -212
-119 881
-127 -61
250 -811
731 -56
-649 -825
-408 -74
-378 90
86 -997
-538 -273
228 -199
-312 408
697 311
152 442
-811 -907
-90 513
707 893
213 -835
119 980
560 202
25 -385
-972 -818
-674 835
-34 748
-720 -380
465 -779
954 879
-172 -802
977 -300
502 108
-958 -5
847 508
-700 504
84 -657
394 872
-330 899
-264 683
-152 573
958 -244
587 -303
-442 971
168 484
-426 699
74 57
547 503
437 968
-254 -64
-713 749
156 -942
-903 12
637 661
161 -398
761 766
-280 -714
-596 805
435 -689
-420 -126
336 -209
926 -527
95 429
-287 -972
794 -799
730 -728
659 808
-275 -129
216 135
134 460
-667 -117
-975 670
-857 -353
700 499
344 -664
806 -354
-20 234
116 724
183 702
-928 335
617 395
-706 -923
-985 -928
-995 339
-106 -748
-282 -573
-570 180
341 494
58 -949
33 -694
592 337
377 547
17 -198
732 -920
-474 351
-603 -499
468 -294
754 78
919 -374
-449 387
-873 -649
452 478
760 623
-920 97
308 -353
464 -835
989 -419
840 870
-126 34
-868 -510
176 -731
-461 -80
-558 290
-167 -379
-858 714
904 -239
-51 820
802 -192
-673 913
-354 -595
-935 -802
-804 -847
644 -462
-506 953
-605 -106
982 -906
-855 932
878 941
-76 872
-776 -514
-230 -572
186 -590
30 288
53 -130
783 462
107 -235
926 -468
186 521
26 -606
-471 786
-599 811
462 -297
901 384
122 -648
416 416
98 -257
390 572
-533 -69
830 -274
-352 -20
284 -662
-893 -275
22 413
894 -342
689 -814
644 643
-921 -125
202 105
-9 -163
-517 -506
-246 172
-436 601
-547 -955
-947 686
-496 387
-775 -212
-967 664
-838 936
-490 517
539 -760
-99 -458
-644 -447
-206 564
924 -543
661 382
502 -183
-860 466
-294 98
36 -540
-746 -463
248 -367
689 -555
-564 -178
533 -468
145 -519
278 709
-364 273
323 -255
-627 322
-56 -685
-239 600
61 182
-875 981
991 238
48 221
-391 406
-485 270
-881 -87
807 -674
-986 -260
-837 828
-301 -216
457 809
-65 -267
-836 15
99 754
785 -113
534 194
734 -567
-32 -96
131 -348
-6 -301
76 -67
165 -724
768 -68
771 156
-103 307
-58 339
832 304
-253 931
516 145
-495 -445
-585 311
-124 975
21 -141
145 -3
258 -580
142 -742
-577 -77
520 259
601 -226
31 -336
-418 769
322 730
876 651
290 62
728 683
230 921
-24 -813
-37 -13
-50 821
341 872
-927 955
-857 177
-967 -493
-997 -30
-889 886
-530 -580
-449 682
283 738
691 -835
274 169
429 -686
149 -535
456 904
655 224
-548 757
-14 -234
-780 -509
-389 -501
301 961
-349 380
334 954
-427 612
431 -110
375 943
-41 -180
855 -694
774 -696
-525 358
-645 746
-731 -132
771 -873
121 170
-113 425
173 11
176 913
724 -491
578 -501
-490 -788
-974 -627
-728 836
605 506
819 -781
71 131
-700 -11
-987 -387
719 -743
-729 -818
-639 -567
517 -944
625 695
-891 168
769 -302
7 240
407 984
-19 592
994 902
-342 -452
-436 -966
117 -617
683 -919
-310 165
-685 -627
-947 -66
-228 -170
684 510
715 -446
465 -967
-801 -601
624 348
938 76
-541 -338
875 840
-240 -218
-204 -382
-525 -698
941 135
829 -859
500 586
809 -837
-978 -954
759 357
-897 511
135 56
-910 535
211 -942
981 -148
-855 172
901 -594
116 347
33 479
-698 838
829 995
-92 -654
262 -730
-50 -727
-612 829
761 -246
321 -124
75 969
-675 199
659 951
-68 -916
-910 716
868 398
-550 401
118 644
225 922
-16 240
929 -656
605 676
-432 -755
314 -594
823 -943
-570 628
642 -127
613 858
-93 -481
-95 625
755 -108
318 -807
677 -278
535 -873
-584 -265
554 -94
-902 -957
-259 -921
-924 490
-36 -275
182 -995
81 -669
-561 35
14 -859
-312 109
905 -339
542 952
-76 -90
427 -997
-199 -629
608 -577
143 254
-159 -530
699 -619
-675 -251
-635 -545
968 -93
-650 405
839 -364
875 -53
407 215
393 693
-230 858
-435 -298
-433 87
238 228
173 -600
834 -728
11 199
889 673
351 128
-438 -136
-894 -649
905 -514
-211 422
-15 -271
642 911
243 685
536 -880
-53 -784
-252 -220
540 -378
977 -906
-120 243
29 -336
93 -865
-993 705
63 347
-216 845
830 626
757 -689
836 154
-674 -374
-19 458
270 557
211 165
-96 -44
-587 -203
306 923
-12 -557
-631 670
810 -733
-895 -437
-537 -756
142 745
25 -844
964 -750
-9 -469
-49 188
-710 30
-304 661
-551 732
293 -884
-449 789
20 -915
699 -322
531 -156
-732 -384
967 -829
-393 657
536 126
-513 282
637 676
-673 -793
-903 200
798 670
-399 -979
784 -393
264 144
205 -406
-278 207
-527 -763
1 40
672 140
327 124
867 491
-39 466
994 872
-220 231
-624 -637
-656 755
-98 -49
437 -792
189 906
29 -748
-732 -792
56 -779
569 -482
390 -724
-880 762
-667 -774
14 -432
55 -921
680 848
334 -623
-755 -557
-905 177
748 931
129 26
-956 458
280 667
310 -989
771 292
-824 -995
630 165
-359 510
660 657
-787 548
-988 -319
-236 375
-929 -570
475 -502
548 694
-34 688
952 408
840 -709
-179 42
-407 -385
-978 -225
498 -555
-652 -137
-992 -148
216 758
-397 -678
-970 -362
-886 -63
-470 -88
-67 -532
217 -858
-745 392
975 836
-370 976
560 -523
863 224
573 -822
-725 971
774 869
-24 -632
470 -100
-699 -121
-689 -728
-433 562
-477 157
-295 -274
-388 4
75 -911
569 -988
857 -179
-891 -608
-114 -710
645 -902
22 947
-898 -588
-59 -842
369 -601
455 575
244 -835
645 -354
607 -136
-448 -556
-353 -922
30 -163
538 -660
-546 -617
576 239
-647 850
-934 321
-297 591
-831 552
-37 -358
-338 -613
-803 -364
-854 566
-942 217
545 558
-567 -959
487 174
-780 34
-441 -882
-847 658
-812 -459
341 634
-690 629
-636 -922
996 645
-257 -903
384 -627
650 -35
339 746
-536 152
-851 705
230 458
905 -256
-766 -381
-301 448
470 465
-297 -169
-668 -25
903 42
895 -342
-311 879
-813 -955
635 0
467 -20
-476 -548
-627 -227
-72 -377
-52 930
119 -398
-6 -765
-622 485
-800 -7
-117 -327
-565 893
-647 -702
284 -865
517 281
-643 403
-124 -40
-917 949
-592 -993
436 -835
533 564
15 -722
-378 -794
770 152
-71 818
291 237
582 62
-257 401
-313 83
721 74
636 -199
112 -537
158 938
263 125
-243 -120
-494 -835
537 -934
98 769
553 -655
461 -571
-404 -102
933 66
-870 732
899 213
-603 -352
-768 -465
-15 -367
896 -187
990 -775
827 -696
814 123
105 -993
599 -449
-262 960
-362 -265
-673 381
-386 129
-856 -341
684 533
-725 974
-776 254
701 305
250 309
-943 -958
262 201
-854 -455
-506 395
-465 -232
-445 -362
-214 702
560 716
124 406
-45 363
-79 445
-768 -498
523 833
531 -416
958 -44
-422 -245
-937 304
-723 -402
938 724
139 -194
-906 -707
-878 243
-745 128
-805 -189
88 -253
335 220
-749 -165
-150 -69
807 -880
43 -838
181 861
772 -843
903 -12
885 -371
-180 431
-337 -74
420 -864
-409 347
-859 -439
-198 146
328 680
-761 -55
499 -374
-674 -401
116 961
-829 -496
438 -896
430 -728
83 -237
-30 -215
823 155
-472 -504
700 -521
-393 -351
135 -354
146 203
-641 -823
319 197
309 -98
31 -576
-876 406
-465 919
-697 928
-934 -328
-591 831
-7 614
-403 -930
440 -568
-590 756
-603 249
130 -189
744 18
-544 42
698 -267
764 -918
755 672
29 -91
948 577
-871 322
-515 -999
-348 -3
-19 521
-366 -788
468 -423
523 669
694 104
-38 -869
-610 845
-959 -417
300 204
701 642
-403 724
-590 80
-171 -187
419 -919
620 -50
928 50
994 373
604 840
720 -480
121 -444
557 672
963 -950
297 -642
-602 700
841 -338
-468 -725
-992 623
-361 -323
919 -540
599 826
-519 653
633 768
-243 302
-483 -905
656 689
418 -609
-338 -584
-96 -203
493 -662
145 -731
791 -465
-500 665
306 7
672 575
461 836
186 328
937 552
-397 269
689 664
74 -244
152 272
-695 545
382 -943
117 -864
846 -219
-377 14
-9 -157
803 703
325 286
-190 969
107 -424
-336 904
-976 580
835 -805
-301 -680
6 780
955 -287
-638 877
-336 993
952 -258
-240 355
29 11
-337 -705
914 785
-210 -551
-289 -783
534 180
92 61
-639 516
-36 -400
-682 -703
374 939
-513 679
-895 841
-632 -54
923 451
-281 -937
886 160
898 -730
-401 -972
49 -532
29 954
-351 -819
-157 -436
-62 302
-414 -145
-754 -985
-82 348
-969 311
282 664
-133 -301
850 -923
-426 -633
-506 289
-299 -259
590 28
-702 26
-817 152
-191 533
-456 -135
-650 884
-407 363
464 -865
-879 339
86 645
465 -562
-787 893
-125 -443
-557 213
-639 -718
171 -330
611 892
-827 153
-487 -898
-135 706
-976 967
-128 779
-667 250
-881 -164
-428 -427
-111 149
-309 398
400 270
-432 922
992 822
-149 -217
712 999
705 -407
702 875
927 -14
-723 808
-593 346
-234 -762
490 959
-256 258
-262 85
-147 955
43 -242
907 -967
573 -363
-957 269
520 389
-335 628
797 -426
-543 725
-187 -873
114 -998
393 -809
-422 763
-899 605
822 -683
393 856
284 -502
-11 -383
-977 -62
48 -931
-34 -656
-275 542
793 703
-853 -136
769 -85
560 129
-404 316
-383 -174
-671 -948
976 762
-762 -150
-605 626
-493 391
-99 -757
-478 -834
923 -29
-234 497
157 -969
-859 78
910 -318
-204 -768
-14 292
-547 850
268 142
639 -50
153 345
819 -332
124 -954
-570 -426
-617 672
951 672
-494 -146
-1 197
764 596
-680 420
315 -983
348 681
-671 964
-629 208
-51 -417
-616 997
-69 -882
-111 295
-263 -103
345 -469
-105 -620
-925 508
891 912
205 303
782 -326
-169 789
-426 641
574 -102
-160 229
-630 -613
153 603
464 -251
-726 765
213 -681
-802 -994
288 841
610 -21
-407 -970
-936 941
-636 -507
-89 603
-555 166
-814 -499
703 -521
-413 -933
-931 -762
-188 371
-773 225
-886 -886
-830 777
303 106
686 -555
-214 169
-402 -461
589 474
-504 777
-933 -211
-842 -262
36 -207
-255 212
574 -982
856 -202
866 205
-291 -690
-224 -903
-308 -608
-929 -256
-599 3
-27 -766
-987 -474
751 74
-884 944
591 -958
-497 -987
639 -942
-663 36
710 150
-64 -627
726 -755
345 448
-770 397
-344 257
-221 964
163 -441
262 330
418 -717
-846 -510
-922 206
421 511
-109 -180
-631 -524
-181 -500
445 -765
-88 849
-60 -42
-667 123
138 540
681 366
-881 860
706 -811
-351 725
26 -49
490 -666
841 -457
803 -375
742 481
643 554
395 -464
153 453
-28 -379
50 845
-429 -958
-521 -631
-780 -755
886 890
344 -768
-181 -169
-240 685
-646 729
-744 606
364 563
685 -358
-12 -56
-931 -396
989 208
313 -178
-654 150
-855 -485
-215 -439
-132 -575
205 962
842 525
550 -923
249 -735
455 304
-456 -568
484 -32
-148 -437
110 947
-636 44
141 -487
-21 -65
-712 51
-503 712
-556 286
22 607
871 281
-211 144
904 385
-856 -289
293 222
782 361
-481 966
709 -586
-858 623
934 -21
-547 -222
828 460
714 347
792 -818
716 797
181 -102
345 -174
-509 333
803 -912
722 156
935 -329
524 117
-222 231
-193 -63
255 -241
-699 358
897 192
866 505
938 -448
858 -992
-234 -726
877 -490
455 82
-800 999
-323 -554
569 907
786 -495
-297 576
-241 905
-581 -737
-801 -552
-137 -863
958 839
161 -517
173 -282
-573 -892
405 -519
83 535
-604 -659
-198 339
681 600
-684 640
873 813
-157 -787
924 -33
687 -363
631 -483
-994 -272
-730 -948
716 437
374 -142
311 172
908 -498
538 -655
854 -522
-636 438
332 -520
388 912
-351 -878
68 593
-516 -788
-401 -346
-690 -301
783 870
639 -719
-361 363
810 -680
-182 861
193 -178
-569 -983
-994 -159
-30 993
-632 507
703 -498
-802 -191
-739 -576
947 -474
-3 214
-394 989
830 8
-676 -981
-441 273
61 347
400 -821
-696 779
-227 915
-989 -797
-585 -789
-973 -810
-743 -402
-44 -607
484 62
293 -896
-336 121
-124 -128
415 682
337 591
687 252
626 127
-403 153
371 -406
944 -591
71 -768
-871 -554
-993 507
-171 180
246 611
188 -530
-521 -562
249 451
-133 975
918 -928
547 287
-220 -209
78 617
564 -595
-57 543
821 -535
-369 843
250 327
-318 608
-409 469
680 94
168 -555
923 -156
-418 -375
-672 -129
87 -275
-620 -975
-903 990
-476 -739
-454 -743
857 -241
-465 -402
158 -855
400 -494
-705 231
996 516
208 -412
-754 295
567 -11
755 -402
-457 -508
-106 -969
-790 -953
610 110
-198 -754
-828 498
-596 588
355 756
-359 -627
-915 939
-966 -202
639 -843
-160 -359
272 856
558 -809
298 999
-173 -128
-649 -592
871 743
-140 914
-910 -159
-140 683
-12 524
-44 816
-156 -821
-330 982
408 -833
-372 -132
733 514
-653 -644
-380 -867
-150 -505
713 442
-723 413
161 -29
354 -98
-800 969
-1 922
261 -367
758 868
-894 745
-129 422
363 120
464 110
74 707
-5 -314
589 -885
772 -766
-131 580
382 -142
-181 -255
321 -74
-951 -725
-231 -223
323 -623
654 -393
-392 -1000
-244 -432
-343 -381
479 446
-452 831
28 171
445 837
750 -852
818 499
-4 434
-342 -284
-236 623
-959 666
550 245
882 462
207 -854
-950 735
-911 792
-683 -186
491 -495
-505 874
-390 -33
697 543
-308 -247
-899 970
-228 -942
896 831
591 892
-420 -597
-726 -22
775 -562
190 -829
-949 992
65 -687
707 452
858 -807
942 -727
345 678
-333 813
-47 574
-62 -979
626 -522
-781 632
-617 65
717 962
9 212
724 -621
-466 885
-992 815
-254 145
167 -319
-688 -836
-554 -976
-67 531
-159 308
-719 -882
-540 369
754 82
277 -174
415 -525
649 -799
487 -874
479 611
324 -140
909 -767
231 -374
293 336
-624 941
99 -398
-151 252
646 -490
-31 606
-328 522
784 -806
-196 -255
860 949
-77 -209
919 261
299 -480
722 -716
-971 -471
-765 -287
-543 -105
814 945
936 -428
819 195
-186 -872
132 -768
514 -677
464 49
395 -104
465 59
385 -194
-353 309
-660 704
255 346
-611 -724
-53 -326
-624 153
287 -229
-134 -647
845 -707
661 846
494 -150
709 521
-922 316
-266 -67
2 297
-284 -526
833 -278
-297 374
-52 -871
937 430
804 72
-971 -486
54 -577
-835 678
-723 -259
56 268
948 464
-282 -41
694 -353
546 -637
84 -236
-701 -608
290 343
-754 518
479 -58
124 -702
80 161
276 -882
-888 449
564 798
-107 -280
657 -266
25 -28
-935 -982
-508 126
-15 -562
-85 319
-96 -596
55 449
887 83
364 -141
-789 -372
52 -329
657 760
-88 326
-572 902
378 931
-266 -191
-558 732
-63 565
-669 -548
-887 -862
-999 894
-464 25
34 333
-971 83
614 -58
-966 753
-620 -97
0 -882
-486 -143
-831 -239
0 736
-342 -897
498 -117
-413 989
-951 447
748 -781
-956 -858
982 348
760 604
-468 89
-559 722
-516 -331
116 -84
-267 -589
-509 -586
-66 644
491 -989
33 69
958 -139
-125 -570
232 329
-592 709
304 -631
-137 952
269 789
96 -775
722 -580
934 -645
-937 -572
965 -741
38 -455
-944 163
783 -158
687 424
-216 -449
260 -430
-571 686
88 -68
32 925
167 -687
325 410
-859 791
396 23
-517 200
-13 585
-158 -854
952 959
715 33
480 495
408 -998
599 -676
123 -888
244 -668
313 460
328 406
-550 -611
-173 -335
-321 -969
259 743
688 -801
-293 80
-318 -332
460 -197
306 -286
-702 -977
897 673
-547 256
-357 -566
809 -451
-267 -535
877 -522
931 -435
-435 -244
275 -115
-644 448
-183 261
690 -675
616 926
678 801
378 -277
296 -746
700 -97
-786 -768
713 940
792 -529
994 775
50 -525
-618 696
-202 943
-60 -115
635 951
698 157
-354 147
-584 922
-597 -666
-25 -176
-680 -1000
-225 -22
734 -722
649 -93
-811 -692
-94 794
75 -863
25 -225
-463 480
-714 -261
-797 847
982 -756
-95 536
-569 -947
990 -163
-452 724
468 -232
621 868
-542 -96
-657 -893
-812 -808
779 534
-147 -654
862 -535
-988 -559
-963 -293
328 -660
-590 53
48 -322
-601 -917
-780 -262
222 -773
2 -421
-902 403
222 -262
-546 -641
-71 41
-704 288
-740 -148
-214 920
-991 -553
-979 609
-34 322
321 -51
-273 810
-914 -920
192 -287
976 666
164 693
-421 -263
-748 -370
-197 156
983 321
885 -662
154 386
304 688
-963 -314
58 273
-134 310
-903 711
-862 895
494 488
22 423
999 661
31 -614
-94 -820
250 -414
-199 493
84 -267
-993 -263
45 -344
-315 -618
732 66
681 -161
848 -757
971 -280
173 931
381 400
347 -913
-25 399
-905 990
101 -977
-332 169
-675 439
-542 313
928 -415
233 -685
653 -627
194 -514
860 223
-174 533
-514 -988
-908 488
-242 18
-558 -35
468 77
-944 36
982 -443
773 -856
683 -275
822 -719
-2 839
17 -426
-485 -806
35 -225
-599 197
790 457
-524 974
-645 -157
-730 -733
208 -154
593 194
-834 -95
-517 -380
-735 -478
-217 132
-203 -928
124 -771
89 741
-636 369
-925 -663
339 -202
336 -966
-286 -182
-858 440
-777 408
-456 -916
-141 -861
21 -311
711 559
973 859
580 -161
641 -885
974 -248
-10 -204
300 -331
326 -256
-770 -636
211 828
-277 -787
216 -933
903 627
-834 -459
573 515
200 -608
926 730
748 423
374 -781
399 -618
920 861
395 -264
134 -678
-81 -184
-721 -812
547 -989
-572 -901
-57 959
-536 -6
999 885
-396 -905
-179 809
-379 -936
851 -742
-93 -109
547 -555
-354 -594
765 -764
-233 646
-492 -60
-408 331
565 -428
-319 439
181 -455
-928 -801
711 383
60 -414
118 153
-770 575
-875 -471
189 -668
-655 -452
373 401
879 -564
818 -726
423 -247
799 -661
316 -494
-731 790
-201 429
-510 200
528 710
729 25
57 132
175 -718
422 -649
-567 41
-196 -354
-17 -472
-971 -475
381 60
958 -757
438 9
-803 -975
-843 523
-638 -705
-382 -57
-504 -399
-674 448
-328 590
587 -91
299 441
-934 -793
10 -704
658 -583
804 962
634 384
-357 -82
195 -230
795 102
501 -965
616 50
-683 754
-45 -143
911 778
920 603
-506 -884
-169 -62
901 -718
-706 326
465 774
175 -665
-307 -631
115 693
777 624
619 -492
-343 905
734 668
-307 859
276 860
-590 347
-979 78
804 907
-1 -938
-610 -243
-533 948
-80 821
123 377
-213 -836
-134 -747
637 961
-305 -641
-444 -70
888 783
272 56
63 -507
649 632
-229 -484
-199 -890
-330 -999
-376 -148
374 -51
99 -711
379 202
-856 236
-12 131
465 383
-594 -901
-982 385
-774 -769
161 332
201 448
-439 565
-170 -727
682 -911
-863 -609
72 644
628 790
254 -523
-813 192
-328 -82
-603 144
-950 592
649 -307
-751 -173
183 -894
-733 -134
533 -638
789 -827
-558 985
-103 880
914 381
578 -727
-521 -333
-554 63
296 -274
942 134
513 -29
-147 342
486 792
155 -301
309 747
573 104
-73 974
-190 -963
-333 383
-996 -201
672 822
873 126
116 -872
-562 -278
317 -551
319 854
603 -578
589 807
-999 -16
556 662
310 733
-128 -855
-972 472
-428 -576
-547 -799
614 346
716 47
818 456
-849 121
330 857
263 -76
-609 -443
937 -90
-706 -986
-139 -502
810 -160
-384 -19
-607 449
-960 917
-466 -350
979 241
-261 302
444 -358
-847 618
-116 -519
382 738
-551 339
305 -299
-179 -545
932 982
990 41
838 436
917 -50
293 -29
845 -729
933 601
379 131
-241 -363
-428 -707
-839 505
-945 -499
814 440
-777 842
890 -550
413 285
131 -707
-471 209
-585 102
762 -730
207 -683
274 852
797 -954
-329 637
-89 324
215 620
-577 248
-389 -951
-610 607
822 -722
-211 937
-661 388
-960 -242
-631 -138
847 955
244 455
738 858
880 864
-871 -688
-756 -447
213 -209
-7 489
663 300
-810 417
498 795
-6 498
-561 246
-260 -697
-322 653
-78 -115
-621 -473
-619 -362
709 278
877 941
-98 -263
-450 389
-81 -614
911 -374
276 600
-206 552
-913 560
-603 538
948 -652
-635 699
224 -19
-535 393
183 253
-510 -425
281 -211
-547 657
864 -811
-879 922
936 842
-612 450
827 -527
485 -460
-328 370
-579 -741
815 -888
840 -236
-788 484
-639 -802
526 -879
415 590
851 -45
658 863
802 377
377 791
-412 929
308 341
-945 -502
673 -889
145 149
182 200
726 965
889 -731
-571 -379
-785 960
-931 -904
-961 -130
-424 764
-845 460
681 616
-710 -417
-761 693
556 -696
966 -184
-868 294
-514 813
883 -395
954 815
430 -12
-400 -828
310 -460
-552 -410
792 -835
-806 380
113 539
472 823
-104 -843
-635 -1000
-8 -242
962 -833
552 -796
-557 -674
712 662
258 796
-870 -941
-577 -763
-837 797
-366 -418
-291 -115
607 311
-910 304
-731 186
663 -834
-973 -977
-438 155
-473 -158
-646 567
-827 156
-902 -848
192 205
-783 -809
520 316
65 -112
-528 -731
433 -206
634 257
650 -465
146 116
298 -258
-508 559
-88 708
602 245
-618 -511
-26 843
-148 -282
41 -887
566 -892
-691 -99
556 -993
-139 -178
554 -78
639 910
251 -692
435 601
-825 -375
779 346
-410 -341
335 253
-784 743
748 -33
-382 364
-416 -511
447 -355
740 220
-223 -16
-106 -674
-198 -113
-717 194
-404 -740
269 -290
-512 514
-274 102
231 -458
810 126
75 524
714 396
209 -762
826 780
-34 -312
-160 -339
931 262
103 361
-522 622
-920 -783
286 978
-172 551
-965 -898
81 85
-657 217
334 683
861 422
164 358
413 217
267 -404
216 -361
582 644
262 790
364 -367
738 -845
260 -208
599 659
508 807
666 -447
-714 -563
-765 838
-112 -967
-439 -825
814 258
408 424
-330 773
786 14
456 581
-673 -349
-904 93
514 -382
-743 -927
699 -590
440 899
-174 -209
722 753
-218 -573
-941 747
258 -316
-628 18
-471 792
544 -20
-34 995
-229 468
18 785
640 -209
-518 431
861 -359
348 115
877 126
-937 -708
-550 372
877 547
-916 645
158 49
-349 651
273 -37
653 148
721 745
-284 677
-302 -620
55 43
126 525
-893 -339
-911 -758
-850 972
-547 683
353 908
-709 -597
559 -803
207 690
709 -14
-442 -761
240 754
-97 915
-26 973
387 833
562 -586
-558 465
768 703
-389 971
-80 -365
-184 849
-918 780
404 174
719 -700
-374 74
-920 41
-21 -193
750 570
395 -250
869 -162
-647 -678
-539 868
-502 -225
-170 116
-176 395
407 -716
604 -750
-133 -840
-355 48
338 801
-93 -994
783 -731
661 -280
-853 671
-85 726
-827 621
105 774
-124 40
-775 -486
-965 -927
132 669
967 -554
412 -719
952 403
665 -139
-407 -618
606 930
366 -501
-585 -492
730 806
626 -858
-134 526
791 -218
34 214
-987 -104
-303 680
922 310
-701 347
-130 964
-285 947
-51 -399
-549 -569
847 794
-614 93
374 489
-96 -222
579 -805
729 -538
-650 -240
-925 291
-304 75
238 127
326 -504
592 551
-556 557
722 395
732 281
122 809
138 282
965 113
-843 -533
-799 487
-364 522
-412 -361
-278 -841
45 -61
479 -296
-411 -520
-275 -663
353 -193
-204 -735
631 719
-166 -608
923 -289
-861 -747
501 281
696 -340
384 634
247 -300
-63 903
-601 -385
706 -151
-521 882
-822 -775
-478 380
587 470
-64 -428
-88 3
972 955
977 -802
-963 -560
-724 123
-348 -206
978 -273
-799 528
851 568
610 -643
-697 586
-326 111
274 -252
-631 -378
-510 -447
765 -854
360 539
869 -851
17 874
286 -369
-256 441
-276 -592
-774 -375
-121 -879
-498 -177
-433 51
31 905
-163 -767
-97 975
775 -422
601 996
752 246
-341 -69
794 -630
-545 822
536 -170
-748 -679
21 683
-690 701
-69 970
-250 993
-303 808
159 -405
388 -803
711 540
288 -740
533 914
523 -707
-138 791
174 982
-466 694
-655 -392
-803 -882
-30 -683
511 814
-750 -816
-320 -176
924 557
-85 195
2 -601
-355 817
-474 -656
-662 -337
-974 531
795 851
-699 -43
-765 351
779 -342
269 491
119 148
-876 -207
-656 -617
382 -526
597 -888
614 -746
557 -157
-380 -927
-209 -997
156 -415
939 908
912 -445
-828 -772
258 117
219 -688
-983 150
409 60
-177 -566
-632 -222
-778 -374
-129 -212
-91 984
-120 -172
-93 351
-593 -16
318 377
-119 -837
839 -117
398 -146
-482 -117
341 670
-330 -254
459 223
21 652
976 503
587 955
-850 -707
-964 -437
134 271
-389 -735
809 -349
212 -179
416 965
134 191
920 848
-36 -986
237 -8
807 -702
738 -845
634 -549
43 -120
993 379
631 815
14 -26
957 -264
929 506
-95 -136
-44 -591
-973 254
-800 691
-859 404
16 -439
-745 49
-944 -804
449 523
993 860
-772 -406
-676 -707
-99 -553
256 -117
-369 -493
810 -450
940 -124
-304 -328
-936 154
-870 -757
682 496
-195 -663
-969 -146
933 -813
541 -356
-49 50
585 -960
496 596
-411 -840
885 414
721 -924
-695 -255
461 826
444 -153
769 221
342 -564
202 -72
-88 -167
-703 -173
-646 299
488 616
-297 466
996 -608
594 -474
418 583
355 -380
-776 -498
-479 -298
665 -561
-642 753
931 74
-726 792
-215 46
-507 -946
936 100
-764 -952
-39 -795
-770 560
-94 732
-92 -10
73 214
-228 -463
102 710
265 -109
195 373
952 -341
-382 198
568 692
-308 -488
87 139
242 -332
934 -834
385 359
-24 -465
-953 -39
-900 -712
-644 -149
580 -760
-528 304
-910 363
-17 482
894 8
771 293
374 -412
-922 537
99 773
289 809
-285 785
-490 64
441 -188
-713 715
781 -129
-542 -311
-399 430
-182 -144
177 -318
-766 -983
-507 77
-712 795
199 -771
-325 309
-212 399
571 565
-799 677
924 550
548 -206
-522 -890
235 -751
-564 101
68 182
839 -583
379 396
687 -961
-127 606
-619 -628
351 177
-96 -831
-473 -850
818 685
-237 -50
-842 284
-851 301
648 -147
250 -831
129 -78
388 -940
589 -976
194 -291
971 534
790 542
16 -725
643 -602
536 -256
-264 470
955 36
190 -736
456 742
-918 363
913 773
-433 -701
146 -716
179 -546
-945 -151
-244 937
-471 36
263 577
204 -611
-43 910
-968 -218
-973 -902
-406 768
788 -369
663 793
-179 -35
196 66
972 299
-299 -209
150 -27
-448 -600
-612 36
-899 541
73 92
445 950
747 143
-813 -72
-677 -786
-509 947
-21 255
998 -744
395 -422
-921 312
-649 221
-755 -760
97 320
694 -815
-954 579
-276 -317
128 131
838 201
744 -757
-786 616
-811 663
362 354
-843 900
489 -441
727 867
-420 267
-253 61
-785 -798
487 -271
-541 -745
-482 -216
521 -484
-881 249
-531 780
880 920
908 -788
-812 729
-397 -63
-840 834
-59 331
-298 543
-55 958
548 -657
830 577
-67 12
12 -81
-199 -760
537 299
923 930
-540 -559
903 168
-527 24
398 7
-335 -413
999 525
-738 -266
12 800
-752 374
-370 39
-113 -471
-330 534
213 -259
-358 -137
-513 613
471 -717
176 941
-319 65
-30 318
-700 -411
-550 413
-970 -198
-970 558
-36 -870
358 -9
-490 -311
773 927
503 -702
818 -699
-684 825
15 172
-167 64
-779 -108
-702 -203
-990 52
541 457
593 851
-326 651
-332 -937
-869 498
127 245
-914 505
-284 -74
996 805
487 -758
-243 387
926 150
-942 812
343 -103
-497 -998
710 -995
299 660
-231 105
-11 -939
-103 -493
605 -293
-881 -989
-884 508
257 706
721 19
-632 -511
376 327
47 -969
-871 -36
-566 -926
651 -141
-447 -722
-365 476
-457 483
509 -19
-133 88
-203 714
-726 806
275 164
63 -408
161 -433
-455 638
538 522
535 897
-816 -701
-862 497
-422 -269
327 -454
-600 53
-657 -124
-907 -683
-195 89
440 -685
-316 -654
-121 950
-253 139
728 237
766 277
613 305
217 202
-612 -154
-797 -261
-368 160
381 -27
767 675
982 450
577 226
-316 -149
538 313
-383 -597
-676 -826
192 -449
28 706
-374 -870
206 -866
-439 -203
-272 472
737 -77
-495 -787
134 -653
-324 -536
-626 511
37 569
771 -399
-834 -895
117 -908
-874 665
-710 600
175 786
387 720
202 407
444 -682
-734 -306
671 -721
225 318
-681 -1000
899 -293
-916 -577
661 172
895 863
-183 110
19 515
-503 -687
966 -549
-170 -672
-53 -324
332 814
-922 370
-797 -292
259 209
485 -969
-877 -935
375 366
771 -1000
-762 -255
-517 -87
-241 212
320 -710
170 355
-281 763
-124 0
-249 386
-488 -567
-39 412
-646 -604
943 -898
-704 876
-530 569
-484 165
-871 -308
378 -646
779 -76
419 441
369 -722
-356 -716
514 -484
814 -760
555 -298
994 586
235 -88
185 -787
-792 -582
869 -752
93 -595
24 -539
705 -848
583 669
132 -606
-454 -34
-888 307
499 -394
426 -589
504 -503
-580 -596
271 679
480 -21
-331 -615
451 808
-822 -327
739 248
-275 -159
-194 -888
-960 892
697 -614
-905 345
762 -324
-925 -705
99 -477
565 890
-436 951
-655 -718
-341 -872
545 588
530 574
738 -694
341 942
336 702
-874 -296
393 -483
975 -723
432 414
-21 -274
400 561
386 464
538 972
448 -356
686 -879
288 -637
738 651
-6 -258
-574 -505
-554 -109
724 256
779 -621
-586 -61
409 385
71 -559
655 -467
-642 546
-982 222
235 -730
123 -577
-104 -746
692 -496
-996 -166
-721 781
-132 -60
-278 -789
-978 922
-974 751
-709 -335
-773 697
32 -364
-726 205
-542 516
464 -382
-629 -550
-301 -109
901 343
-54 532
914 620
340 751
-538 150
-682 539
-686 -959
928 -674
-531 -851
-822 -71
-80 334
-368 530
-385 333
295 -209
-721 28
-517 -594
-983 -73
151 -639
537 -506
-849 -25
-925 -689
-595 -346
-717 728
-153 388
47 -438
-791 -410
-165 -719
-91 -705
-648 831
-445 -455
-213 721
182 850
774 -566
557 46
581 283
387 154
-89 -300
228 113
-746 -61
444 -745
-507 -805
-83 658
549 81
380 -871
-573 -288
-7 485
162 -452
842 180
-15 -205
99 108
105 432
275 -244
470 -551
814 878
-497 200
259 -327
915 806
713 500
161 403
-389 -284
996 51
477 -346
889 -286
-167 -808
911 -152
939 305
698 840
-715 33
724 -686
415 131
-703 -632
-625 -640
477 -882
114 461
836 -742
-364 -988
-275 -277
-207 560
-972 -409
-472 577
-685 -308
-871 464
-356 392
-325 781
-75 803
556 372
97 -278
454 29
951 -153
-438 467
-559 -821
796 -292
-13 286
523 -185
54 -706
379 -667
976 -221
-879 -307
130 -877
-518 -333
-962 433
-599 995
370 239
715 -953
-699 -987
856 -647
-803 762
-664 178
459 -417
-465 752
-124 491
-265 214
-612 17
-744 541
801 766
-169 8
802 -434
-216 54
442 798
289 -911
-356 -116
269 195
412 570
58 -168
-664 -542
-816 -994
-910 -29
302 -343
555 -806
-62 355
-579 -292
564 704
772 31
623 -880
-917 105
766 366
703 800
175 -731
114 0
-377 -797
14 -917
-142 725
355 330
-540 225
495 -174
785 243
-839 -78
262 975
586 -551
114 -891
-695 708
-844 -429
-62 389
-638 -236
-894 559
-141 438
-911 557
282 -199
-340 -173
463 -124
926 -675
700 401
186 -301
-831 73
-40 -386
-412 -550
-567 -956
-648 564
521 -801
-695 -877
-655 -596
290 -777
-587 606
-373 -977
112 307
130 -732
-598 -817
-380 -830
212 148
-680 -783
-496 -925
-7 898
-513 -148
-994 596
-664 -814
-728 439
-670 586
-265 -296
-769 65
-135 -806
917 989
-47 22
-247 -116
15 -23
122 537
769 -676
279 61
326 -287
-561 -15
11 -311
-396 914
196 770
394 -387
-392 -690
-799 -646
745 991
-532 678
63 782
510 -520
-991 842
337 -603
655 958
274 -770
-146 188
-868 -121
-63 -795
-785 147
-624 682
189 -629
-664 812
433 -963
-641 -736
-548 433
241 223
685 487
940 -118
220 -100
949 -630
452 -612
70 405
75 177
-924 269
527 -567
544 -462
14 758
538 280
-526 830
-595 -397
-409 -285
-788 -481
-454 557
-25 428
-687 163
-231 -234
193 889
-991 482
543 -93
-502 -27
-601 -552
-535 -689
-782 818
-316 628
-872 641
-262 875
754 991
-206 -960
-22 526
915 -780
305 878
413 -348
-403 -581
483 -313
670 -429
406 -800
-85 148
543 724
269 -892
88 357
-121 650
-921 621
880 -534
-600 631
-992 959
-58 -154
-285 -944
550 -231
476 -412
625 614
969 -926
-597 819
239 386
-684 629
898 607
43 -353
787 830
266 412
-665 -729
-542 -345
511 -414
148 791
-631 510
792 -247
915 74
510 21
727 -122
-177 787
-201 -428
-977 -410
326 -408
-303 934
289 -849
886 428
-808 -517
52 -330
269 764
-304 -678
-296 443
231 -921
-188 -832
-962 -585
650 339
-396 801
-632 159
929 -708
909 -669
62 -211
-829 642
976 -943
10 842
194 982
-819 785
-978 -493
-716 780
423 -311
405 217
838 -991
-153 -276
480 452
4 -777
-912 394
106 -429
422 -422
863 667
-885 768
-769 -537
-800 556
-796 374
66 903
608 -396
924 -111
-231 779
-982 -570
369 854
581 335
-991 865
271 84
818 -388
109 287
-920 -946
988 -293
204 -970
641 -916
-444 205
-46 777
-687 632
-22 -300
132 -583
-483 -502
-35 580
776 773
34 543
-973 910
377 -829
-505 -736
194 320
-826 -183
948 -852
923 -7
-238 -372
831 301
10 -501
53 -283
-310 103
-157 353
623 539
-403 571
-149 455
399 957
162 12
295 -109
370 163
925 667
700 173
673 -839
387 629
-673 -313
0 82
176 714
-176 -679
944 943
154 -609
-808 -748
-367 -565
-824 -828
690 -406
-317 -550
954 172
470 279
-776 92
54 -978
-822 -403
165 -468
-617 688
881 -75
-184 -526
-311 329
164 -670
109 742
182 849
321 871
-803 673
877 -358
-656 448
-108 144
123 -2
-161 -611
-965 681
230 -193
-494 -534
538 -37
440 -760
18 994
334 683
976 -877
496 -293
-994 635
710 -377
-678 -57
-841 -511
-756 394
923 -858
-672 -390
-390 939
-635 -476
294 740
305 304
707 -18
702 159
879 284
-508 -992
993 -577
-60 -989
-622 701
-433 901
-462 -108
177 -934
-375 -599
749 -216
-788 -311
454 -993
967 -624
-488 -377
-531 -648
-463 -29
-343 -279
319 -591
-993 -449
-298 35
805 -598
206 39
695 366
679 210
-436 266
267 620
-717 -842
-114 -11
-247 -731
-92 950
186 -934
383 178
512 -761
35 -614
-467 353
505 911
-878 687
-4 -61
234 -687
403 105
22 894
-773 -837
-123 -891
465 681
415 85
809 607
-34 -248
-67 -560
634 682
54 -802
128 -601
-464 972
14 771
381 -725
301 -781
505 656
443 920
-796 -714
-396 892
-815 912
-947 -939
283 679
589 86
847 529
73 -491
-566 419
234 -889
-385 -963
-948 -89
613 -909
822 710
-405 909
65 -739
-615 884
-842 158
-75 -20
553 600
-290 321
-436 888
-200 -998
993 -852
708 123
896 -124
619 54
-239 -78
-376 33
727 480
-721 -957
-166 -896
-354 -297
-337 -754
-770 835
245 450
261 -813
-2 -142
492 574
376 -283
312 171
551 98
-153 492
-895 694
617 -361
-266 772
969 118
458 -762
-506 -11
-223 2
82 -568
149 -440
518 -305
503 88
-208 -846
96 945
-918 566
258 -764
696 306
-352 -89
414 -821
-458 373
172 -278
631 -909
119 -576
-255 -803
164 528
447 158
4 -822
-565 991
23 392
-371 198
894 -223
661 16
49 -932
-159 362
-375 -625
43 345
172 660
547 586
531 -292
436 35
-119 190
-251 -361
-606 408
350 -535
37 -810
-795 -136
-280 -383
-316 441
-281 -978
-663 675
-528 -217
-342 -269
-226 247
-270 415
351 -225
-803 263
52 -202
-805 904
-187 -243
-907 -165
191 960
-902 -870
-356 728
-637 515
28 781
-629 245
-459 953
-139 -234
437 888
265 -761
687 891
-929 479
762 60
-761 -908
338 -964
210 969
-248 600
-624 433
-579 394
-585 66
631 -532
172 -764
669 583
66 -168
-411 313
92 134
359 37
-944 926
366 277
-117 64
347 26
-997 -536
-843 532
972 49
-831 -931
771 -854
265 799
-800 -651
637 342
116 -84
-541 160
543 671
923 -831
-284 136
356 -844
-725 -16
-267 -133
-269 122
-359 -857
-334 -52
778 -765
-278 -689
600 555
299 -212
631 -358
-753 -138
546 96
-651 -826
687 179
-739 177
497 877
-723 -650
900 307
30 -908
-55 -411
-602 153
-722 -79
-670 -763
-56 -606
-320 236
-993 -649
-873 314
-681 46
483 160
-937 318
977 -723
760 580
-621 729
-676 -187
672 -53
-424 -989
-917 586
863 139
622 272
684 954
340 666
-69 -832
-976 -724
-155 909
-307 881
-569 -440
290 816
478 -770
-159 -485
-447 -329
829 -175
-966 452
518 -349
466 -731
579 916
136 103
-678 -775
-578 602
798 -353
-463 785
294 -132
226 -637
-570 398
998 606
-708 -320
-826 107
-854 -533
468 492
-325 -855
-949 130
851 -763
289 11
-953 -226
-180 -295
390 -87
-706 526
-989 -106
-402 -509
896 -229
612 24
728 333
817 166
553 958
937 992
-211 -464
798 -521
-844 -489
842 -500
-625 -964
600 129
187 -899
816 665
887 450
285 -114
-188 699
-771 593
-151 198
-236 683
304 -884
589 546
657 43
-577 -472
216 -978
903 382
565 568
-872 -411
-352 303
796 261
-457 -299
-395 118
982 -77
372 380
-78 -162
-635 -768
338 -805
613 -168
794 -434
162 441
-27 -546
-483 -813
-338 229
942 -421
-245 708
981 662
743 547
-120 -576
-709 -283
-370 -419
-904 169
-58 -649
515 -482
805 -650
973 -66
762 541
-306 -149
-800 -991
494 712
-961 501
-640 654
991 -592
-101 158
-485 -144
102 246
-738 248
-1 589
908 -139
-409 -520
335 -466
-674 -353
381 90
-297 746
530 91
-904 -92
-16 632
-287 -206
-513 584
-778 221
754 -342
-406 -134
-168 498
154 -261
28 -594
115 607
-582 454
657 772
541 306
-747 -131
474 53
625 590
-637 39
-44 -76
-615 257
-115 162
-991 -15
-787 166
833 -386
-738 969
584 -923
-455 741
55 -143
-215 802
592 426
474 -855
-487 -428
525 -198
541 -616
-389 568
-465 -113
67 977
-756 -485
994 -692
-372 -592
350 411
645 271
-241 0
636 -364
747 12
280 949
124 -270
-427 283
591 27
-174 621
-84 994
808 -345
-707 991
151 -326
654 -831
-34 125
-785 -716
470 977
424 787
-35 -414
378 -921
-470 -23
590 109
49 -802
-820 85
-251 -709
42 982
165 108
-513 320
325 947
259 666
-470 359
-395 -935
-351 940
408 -62
892 -657
-709 -506
522 920
-492 -596
626 177
424 733
172 118
153 -439
-36 -158
317 215
476 -199
-634 -663
-827 469
228 286
-199 -25
467 -16
-16 911
402 238
140 -825
994 -955
795 137
646 -121
-614 673
413 -99
433 -610
-630 56
-258 -495
924 -989
-703 104
559 -987
897 437
798 -285
74 422
-910 418
612 410
316 -118
33 905
971 854
-14 -126
-933 535
-170 -158
-902 392
993 -656
104 781
-299 422
-470 741
543 -567
331 -18
-320 -919
912 -409
-74 52
406 -815
-601 -650
-517 654
618 779
229 -212
386 36
-237 -485
583 -408
958 761
-270 418
907 -48
885 -568
-752 -731
-570 987
-944 161
438 -438
997 860
369 -270
-311 -171
964 929
401 -642
614 472
-617 -380
389 429
130 349
254 -896
-700 730
-103 374
528 -548
-546 609
-170 -541
-856 145
-164 17
-668 451
426 -148
-683 -425
-366 -61
-936 32
-901 -216
415 965
-87 -517
-275 -652
-886 952
-307 -762
-689 23
-81 670
-699 -687
-801 -166
511 162
-93 92
-174 -774
-494 -493
476 925
-964 610
482 -294
505 -750
245 -407
978 -797
592 -850
-298 -770
705 -550
-422 390
433 -816
-79 252
722 -427
99 -158
20 -128
877 -121
867 -190
-699 -287
-447 159
-201 57
-532 -918
-575 656
-21 15
504 -400
458 -647
645 253
912 -620
864 858
-727 -292
-601 967
-555 -683
-485 -232
220 724
-537 -319
508 426
125 590
-336 -463
-241 -593
895 -817
647 -207
-33 -424
-908 199
-652 -880
-671 279
568 445
-109 929
-840 -245
-304 730
985 313
-106 647
-906 -608
-49 309
-649 -92
-433 -59
767 403
375 -956
498 555
-966 569
-191 -952
-536 440
-988 763
-692 -524
-861 -506
575 -288
-128 995
-40 694
404 -603
-783 -495
869 -362
870 101
-816 -833
-388 431
-487 806
427 -826
509 465
-966 -831
432 -806
918 194
439 -949
878 640
-860 376
-2 -350
-38 75
22 -585
-292 235
-249 259
-698 22
281 724
439 189
379 547
-486 -753
-919 549
-113 317
179 -767
-293 -979
816 -836
-807 986
-642 -48
-533 393
-748 491
-47 262
-90 -732
708 349
52 -136
896 292
-464 834
620 -571
-631 458
615 -166
-119 -60
273 385
-808 -263
771 415
-405 435
-996 65
-355 -271
-103 541
-40 -278
-433 167
-49 479
-568 815
315 -775
361 -648
256 434
412 -428
-308 -385
-434 811
555 -149
-602 234
-982 975
497 -713
-730 -419
-938 -173
-432 -581
811 -775
112 557
-108 851
930 -148
706 891
-607 146
-368 831
-513 423
-635 686
238 -347
119 607
878 392
573 -368
979 386
334 -596
-286 235
-261 838
-503 -907
166 -782
-632 -611
-146 -285
-432 541
-200 495
502 639
-100 222
163 -436
-567 -655
-517 275
437 416
-328 981
212 508
739 -324
244 -877
239 -980
116 49
-718 434
-721 -669
-32 777
777 -648
853 -165
-44 32
-65 84
943 646
902 531
-964 122
137 234
173 -985
247 -620
794 499
774 -890
-479 725
-989 -242
650 48
-953 -296
-522 -226
882 -192
-572 200
-938 305
431 865
771 -196
56 -477
-838 404
-565 145
464 -538
-480 715
770 -25
721 -832
48 -731
-525 430
-9 671
-733 -860
-322 -447
222 -231
220 503
-308 -154
-28 322
794 222
111 729
-92 -754
757 -777
827 -914
-569 -14
-696 -265
-549 684
-211 -576
-907 -62
788 849
-81 466
199 -456
-235 377
-69 825
-913 -390
-887 -993
-932 827
-406 -462
-537 410
47 -575
665 -467
-294 -945
891 -506
397 -182
357 293
-419 -106
584 -649
290 8
357 893
-434 366
-360 871
727 444
612 -257
-413 641
892 371
-865 -520
443 -454
-84 330
-607 -777
502 -815
-981 -197
-622 -552
-258 709
180 686
-241 708
635 -679
354 -594
-135 -250
349 697
706 -289
-936 934
-400 -234
675 -819
-79 -274
-924 -892
-274 -552
715 -343
184 -693
-188 -225
-479 29
-951 -955
-844 -866
-495 -767
979 628
-823 -420
-405 -400
-819 359
6 687
804 -340
-36 -675
-939 415
-729 -875
25 -621
-206 -317
-401 729
-532 970
421 659
-385 817
394 102
-648 423
-850 462
-942 -856
98 -629
-364 920
849 -150
-749 -419
714 -642
533 169
-151 61
340 276
689 -825
-710 664
-663 305
223 550
-256 -592
-771 -106
238 369
684 -693
-200 -571
-673 -155
-993 122
-839 352
-570 773
157 -134
975 746
978 -830
145 -210
-593 716
615 -316
-392 -271
-312 500
485 -749
-18 10
-773 -787
709 -86
346 313
579 -47
211 -468
798 -554
419 380
958 832
-48 177
145 -687
446 -295
-412 -848
-673 342
-971 -811
-939 914
994 845
933 -317
-931 493
-502 -775
-321 146
-941 -317
-219 679
283 866
604 -863
-606 950
757 -603
28 324
132 153
-778 -151
-21 999
401 88
398 -35
-35 -753
-221 978
35 552
-424 339
-161 155
160 -325
-792 -975
923 -526
-387 -813
-351 -484
-323 577
-597 770
-333 334
-417 974
-755 -552
-634 -785
-745 486
747 -563
329 763
290 182
-583 -809
402 519
446 -676
416 -58
3 -979
-358 204
644 -301
-67 592
-887 217
-92 815
-868 359
-242 -937
983 733
-150 -686
-593 -715
-607 -80
871 235
-673 334
147 312
0 835
-790 -967
20 -600
-970 -82
-754 -249
-52 -817
-369 -260
-558 441
-663 -471
882 -554
3 -250
602 -869
552 533
764 -950
316 788
-631 -344
-691 395
-795 201
977 901
55 -953
-110 -21
832 18
739 812
-571 17
-739 -839
186 -746
-566 -148
61 912
685 -23
-883 682
716 669
837 -895
-276 595
-792 195
423 -91
-134 322
-532 -160
-663 -681
-780 -912
-441 324
380 -694
693 482
-412 -775
-387 -743
259 -417
700 -530
-780 -899
138 -362
753 639
-952 -871
138 -946
372 18
610 -487
364 -781
-425 -402
-739 597
-292 -863
406 876
-588 -257
-690 -679
-611 -979
-849 -630
-393 297
-691 300
-384 498
-569 -224
-995 -380
-855 -148
-234 -837
155 -488
607 -263
-726 -952
-321 434
881 -230
-369 644
212 757
-447 709
520 -78
569 836
626 998
188 994
587 -755
420 57
700 323
414 26
-852 -949
209 181
-189 -349
298 545
570 -98
808 508
850 721
273 -20
109 522
-81 -701
-980 -903
-37 961
-298 643
-876 -861
-798 -101
732 -198
-286 577
496 935
620 103
81 977
101 30
-364 905
748 688
-350 917
753 694
-548 201
-240 329
-912 -796
-674 677
448 853
-161 -486
-427 -66
145 -228
-896 -815
-200 -261
808 -184
-329 -563
69 -575
-952 -746
-712 -523
-680 -983
197 154
-894 553
-242 238
-26 -55
-547 292
-26 177
77 491
125 -126
-458 890
636 128
-909 248
-685 -178
-254 -9
56 504
-121 993
550 649
-147 -134
821 317
-534 469
50 -959
958 467
732 -441
-536 581
-613 261
885 387
364 -723
326 -858
-356 615
-628 447
145 -694
-461 250
864 -742
376 -931
-338 27
601 507
-617 -397
-313 -954
836 158
122 -928
-979 491
-766 -590
123 -541
645 325
56 -694
-374 -82
-778 527
928 -41
-247 -450
-357 -600
833 372
-579 -427
439 802
-211 -911
-652 -390
631 848
-135 -282
-320 106
-562 -647
-397 -437
-134 -307
-35 711
-340 -117
-190 -101
-268 -950
186 -370
-287 206
-837 -553
-152 -751
-828 520
-642 832
83 -40
-814 508
515 -657
121 -543
-666 474
-137 307
-805 478
-665 -108
-292 -359
807 -958
23 -220
387 381
-73 740
-275 -698
-914 192
-938 403
-479 429
-500 736
896 565
223 -193
912 -329
-31 752
-297 -969
826 619
820 70
917 -406
-616 -292
-981 -620
-843 962
362 532
-511 -260
-687 328
791 531
395 469
378 801
-107 -664
-345 -218
958 -232
390 359
-214 -217
76 358
307 454
-367 348
860 -728
441 -765
-221 -753
929 -911
195 -909
615 -322
-685 -239
982 758
-257 -832
221 522
48 -690
-373 -111
-885 105
-886 -148
-717 138
-843 -472
219 748
438 -820
412 587
-495 817
-384 -505
-842 305
-775 -345
-521 -871
-528 266
55 936
909 -232
315 122
544 -200
928 718
-565 315
632 -846
-996 485
-830 449
-646 -148
245 866
-965 -72
-311 -110
-177 -949
674 -372
781 906
-423 -539
-344 -439
153 -252
494 -875
195 -274
-3 603
303 864
818 646
96 -59
-257 -187
-927 -120
152 43
-334 915
-821 -160
-502 -107
522 21
359 210
790 213
-823 85
281 -521
39 321
975 -737
173 -619
450 4
963 269
-767 -388
971 181
493 228
-826 -919
80 -340
-253 -185
-438 -449
757 -794
-407 48
-656 -192
-460 -368
-704 -277
-236 300
918 -123
-496 498
-32 141
547 932
132 319
188 -42
-647 -889
802 -254
930 -265
-942 315
-713 4
-346 -866
81 186
468 -572
-14 191
-768 -604
-289 -491
-577 117
700 697
-295 -831
-158 -391
954 -538
-161 451
-811 166
570 -984
917 414
881 -385
-686 483
465 -683
-244 -776
929 610
488 732
-532 -216
-396 -431
-679 229
-136 119
-584 711
730 167
-517 -145
-258 508
-433 -466
489 -725
406 -52
880 35
-29 983
274 -273
-431 -695
270 -887
655 274
-990 -727
892 388
594 -341
619 -386
-543 -498
675 928
239 536
-506 845
-209 935
124 479
660 -398
-869 -668
216 174
-411 933
-24 845
-530 -136
879 33
-407 779
893 -1
-386 833
-541 366
-230 202
798 414
-830 -326
158 485
181 683
-830 -220
302 -658
-702 -167
-557 381
953 526
-259 60
108 -450
420 -610
-261 696
518 484
19 -452
403 512
-370 -622
-472 -328
232 -822
919 165
270 398
-257 -37
53 323
-979 -93
-571 350
-81 -636
208 500
80 817
514 954
-459 -596
214 923
-253 215
-765 -504
-821 795
210 105
-604 -862
-691 114
163 -274
-763 209
777 -947
-288 131
-328 -780
221 102
547 -728
21 905
498 715
992 -864
591 996
129 -124
496 -937
368 647
-159 948
-751 -91
-947 908
342 -778
-199 397
-274 96
-675 -18
-792 313
-80 918
776 537
895 -73
101 878
-471 328
876 90
394 -415
-395 -617
674 367
-896 -629
-879 -409
683 -298
706 -169
-237 152
913 696
468 -848
-166 -80
256 783
224 -876
-440 -758
-426 426
489 270
-947 796
-75 -930
-773 409
461 -776
532 -427
297 967
536 -719
980 -191
665 181
390 304
-649 -646
591 -339
-695 -444
797 968
-886 780
891 -44
974 -756
-490 544
-624 420
-388 -527
-183 -198
483 298
-833 989
996 -370
-552 -422
322 204
-375 -41
43 -712
175 109
570 -181
-247 4
805 673
-848 -634
442 -368
293 5
609 -200
597 -568
382 -890
-485 -800
-649 162
418 -390
956 457
709 557
455 885
326 -78
545 855
503 -140
-403 311
-760 861
198 -766
-243 -592
497 514
43 -987
-450 428
880 110
-639 291
508 -215
-265 922
-513 -738
951 294
-864 888
-90 -575
744 480
-521 667
937 -827
141 -421
-482 -408
-642 -716
-976 916
-953 -333
321 859
-874 228
761 187
72 596
-965 367
559 672
-396 -990
575 221
591 350
-459 769
551 51
-444 831
-70 -973
190 -768
102 -791
748 492
596 -502
-710 -183
-898 500
-654 810
-67 244
19 -296
-221 580
-835 -818
-558 -640
-308 -754
-153 -327
-977 -367
55 163
-60 -692
-412 57
946 -498
-821 593
-990 -635
-754 457
-694 -479
777 800
983 -736
-957 866
-729 -423
-189 -533
65 612
876 -195
-543 6
-857 269
-924 -934
-341 151
988 -709
-36 498
-384 126
-787 -963
548 268
515 905
-768 -738
327 673
-945 -367
-297 291
439 937
523 -77
32 -879
527 -395
210 192
194 151
-145 919
633 385
-918 263
-128 389
563 -832
-130 -879
449 756
-252 707
-518 -117
739 -628
-734 847
-505 605
445 375
-621 414
770 208
794 -210
-225 -169
-345 -924
403 -716
618 -908
-948 -255
-112 -51
846 312
669 -769
-564 874
585 442
-10 971
84 609
-497 -789
-793 -851
-439 -144
857 -481
367 815
10 -275
207 185
-576 -98
803 626
379 -752
-133 445
-825 -954
744 -221
670 224
743 -110
-793 498
-312 -222
703 -842
778 -269
210 654
884 178
294 673
-605 906
-555 -921
539 375
677 -352
-724 -218
-859 -818
451 185
-858 547
-311 534
323 420
508 223
159 365
-88 -596
602 -305
34 -556
-609 -204
-239 -53
589 -397
-551 -587
400 191
325 729
-212 -678
529 -623
-299 983
-735 -675
-307 332
433 -953
-21 950
57 865
-236 679
141 -918
873 -390
431 128
221 -729
-895 -96
-287 -270
363 249
462 -242
357 -610
-801 335
194 -246
-600 605
-759 -19
774 836
-144 565
-731 -167
888 -952
-216 695
384 397
8 -618
230 379
-532 -963
-831 633
-318 207
-412 373
183 529
-193 944
-343 -341
728 -426
-442 -227
98 -693
960 9
807 -287
-257 -242
-393 -697
963 -395
-83 443
373 532
730 -33
-247 495
961 -39
-621 639
142 -283
802 -837
-284 -698
-611 514
-639 -663
233 491
352 -150
324 964
-581 48
865 374
522 451
640 -790
396 -706
473 709
-623 -689
517 46
-605 -372
10 -800
815 495
657 362
-397 -382
-459 -828
597 758
-790 -227
573 733
-9 639
-992 328
-63 4
-533 -294
-58 -94
808 -501
-61 -767
688 456
-318 -178
797 280
-540 -312
442 -38
39 -25
-358 506
276 524
-862 194
519 676
548 -643
-868 582
-727 487
803 -996
874 -128
543 -738
-742 79
432 -487
20 787
-21 927
796 -651
515 -408
-763 -615
455 295
-433 -749
-104 -105
346 -649
916 -364
123 249
-748 -234
-502 -878
-674 999
-234 -268
232 -74
965 437
-54 452
-196 -201
350 60
-792 168
759 736
118 965
219 -162
-987 905
-833 257
-394 51
-66 420
877 662
-844 -399
-201 363
845 -8
567 977
213 -629
-305 -620
-372 294
951 -294
-152 -996
-515 778
535 -660
394 -616
127 -606
461 -245
-860 -262
-602 368
-458 416
913 727
-157 -989
-484 -5
608 -552
871 -880
704 986
-809 -76
-482 559
-121 -329
-739 405
-579 -473
442 -789
884 -348
-806 -371
650 -77
821 360
-24 -834
-209 -997
649 8
-817 -50
-583 -241
798 -708
-500 -326
-547 -4
-199 17
115 -562
-175 843
194 64
975 386
-747 -400
-211 -652
168 252
-176 -525
420 -667
914 -852
-730 322
10 405
-422 -175
-486 574
825 328
789 -966
-532 234
-821 -616
556 -155
562 153
344 -376
-302 902
66 33
797 570
-25 -236
-182 -518
168 376
637 -730
-823 12
-108 -281
-250 663
-256 248
-339 -723
494 -511
-852 -931
817 -162
248 743
-898 286
967 -709
-876 -921
-806 -675
758 -601
939 -524
390 -282
-561 -111
-897 951
-169 -499
-769 893
-711 556
-849 378
246 -147
193 -925
840 -29
581 -321
-886 -738
-872 782
820 -46
-823 -602
177 778
-471 -903
-641 -683
-401 771
-622 -514
757 -913
-907 -967
-670 952
-946 633
501 253
221 815
779 -850
321 142
157 147
679 425
-391 -180
-753 -243
970 -877
-483 -373
39 -130
-759 253
982 128
692 -230
-821 847
-712 -395
129 -560
842 -32
515 -930
-34 -18
407 730
999 -235
-105 -836
-150 850
638 -840
-339 695
684 -228
386 -96
198 918
346 275
-515 882
-104 -571
937 416
995 457
145 900
-346 787
-662 951
-344 -117
-166 811
-956 -563
647 588
-268 -147
481 -430
783 -248
-151 -269
-916 38
-83 341
-335 -516
529 1
-867 -226
-229 -77
-258 -751
-70 270
-1 990
-76 221
850 -766
-53 772
-890 -238
-100 116
-315 524
564 -579
-963 -343
-306 478
-439 911
-627 600
-213 707
-605 -592
-184 -725
-932 739
-800 -942
-390 533
712 -732
605 578
358 -823
878 901
-184 -177
-423 -393
498 191
-635 142
-462 738
242 -89
657 -963
285 -97
697 215
-958 11
829 -405
-609 167
298 -919
-671 331
-104 -970
990 -902
940 820
-626 -876
-946 -3
310 -836
-95 793
-798 579
964 271
-417 179
-443 39
-446 -40
189 -658
536 840
587 -605
-901 372
705 -946
-338 230
-427 800
-634 170
-779 -794
-651 -727
-709 407
-477 -175
376 909
-949 -96
687 128
-353 287
-127 -659
793 -788
225 70
-912 -545
884 -524
611 -882
791 -137
677 812
-900 -562
133 -644
674 -95
776 -397
127 155
-811 443
-851 -890
-451 804
911 -65
-778 838
-305 -472
578 -703
-683 684
-608 -251
-59 77
543 621
454 937
458 -570
-325 939
261 -194
272 -322
-509 312
-638 780
225 -132
954 421
210 938
-1000 747
-825 15
-103 538
459 -688
-139 -859
296 899
407 -245
970 958
-966 793
-962 343
508 -999
887 -998
689 24
-595 553
-297 -651
369 397
98 741
178 -885
-573 595
629 -734
233 612
261 -335
-716 713
-585 230
626 -353
760 -208
-375 832
917 -298
800 -20
-889 -896
74 66
969 -237
-801 359
-329 -373
456 -134
-283 928
215 174
809 -277
-895 -298
-410 546
-439 -192
-186 -481
171 -104
-78 847
481 397
577 294
-683 -992
-164 831
756 -536
-758 -575
139 659
141 -610
737 823
695 -987
353 7
-166 -393
-654 849
-213 -922
548 404
-46 810
-823 -66
-255 -947
350 196
95 -122
501 75
-881 -189
721 435
658 -513
188 -845
-571 -317
-840 -273
104 -903
-640 -234
-979 -453
-469 344
473 -822
-723 709
-438 -149
793 816
-459 -469
758 -301
-469 -125
-403 -388
7 -969
-580 213
215 633
-997 738
356 891
585 -957
239 257
-159 504
-294 -236
-417 788
721 210
584 -389
739 643
-261 -763
-815 119
-781 -476
-735 -373
726 -910
111 -645
-835 -396
-495 49
-721 -21
-27 -421
380 -263
442 -149
-924 464
-776 568
-350 -602
-595 929
-56 949
212 -494
936 783
-940 -769
-101 734
402 669
530 825
-300 80
440 -317
660 879
-704 958
-403 932
559 237
261 159
968 -537
-490 -406
-271 -537
106 119
-737 -449
307 -314
-78 -787
549 -781
863 -778
-831 748
38 31
-418 -432
-305 555
342 -78
598 687
-150 413
288 -271
83 -799
-39 -450
598 -628
796 -454
995 373
318 -110
107 -783
-249 430
-437 40
-18 -525
-567 -79
-976 901
-822 -726
44 185
797 -332
-530 -376
-920 123
-618 127
237 -764
148 -669
-808 -465
-109 -701
104 187
703 -666
-489 89
-620 -365
424 296
20 15
268 863
501 608
417 -358
-699 256
728 -596
-822 -866
961 -45
-310 175
101 888
-508 978
992 69
-518 512
793 -398
-532 978
-929 216
641 941
-207 -282
-972 888
-134 274
537 -370
-72 -153
-341 879
24 -388
99 -911
-193 630
295 660
39 212
892 386
724 -217
378 -363
770 -843
155 -557
-99 -13
430 805
-995 -625
-305 357
-452 -944
-549 -571
852 181
930 -643
-806 -998
670 -932
593 74
282 -400
-483 638
737 720
-11 147
421 230
804 -663
136 138
156 903
842 522
887 812
319 950
667 -463
-468 -921
-743 859
-482 528
-733 284
424 -420
-744 185
-649 -57
829 -587
-877 809
121 -164
68 189
-3 -211
-562 -369
-962 399
859 -156
-16 196
-716 -556
465 906
443 962
512 590
-1000 -68
-504 636
-290 -723
620 -95
650 208
129 -511
999 -880
690 581
752 426
4 508
643 548
-72 722
638 -761
-122 -418
-566 -425
